1000 9897
660 3
574 713
960 813
564 423
594 648
181 913
369 81
7 629
122 635
769 364
838 861
569 56
273 651
394 309
517 184
976 470
209 569
601 975
621 500
969 787
751 657
554 447
95 989
652 864
88 805
545 664
549 760
347 708
308 729
179 902
631 387
408 987
633 681
501 686
729 254
126 622
161 890
571 751
457 387
960 38
981 464
332 596
607 266
130 410
776 408
466 482
512 878
587 613
788 971
867 550
260 664
547 420
965 93
303 538
948 813
309 985
865 89
831 868
297 661
233 279
110 687
783 819
222 918
228 542
120 127
413 956
875 753
602 129
254 206
298 620
405 200
665 508
974 118
577 792
551 984
922 85
373 591
862 765
68 788
786 747
129 952
691 794
319 873
589 71
366 448
958 772
601 521
449 308
638 748
401 425
4 850
356 312
271 202
596 891
431 482
161 730
697 504
294 926
254 447
249 385
621 105
783 238
937 186
227 470
268 652
341 322
109 806
45 55
648 50
815 546
728 192
800 221
821 843
861 956
255 413
54 81
772 147
294 715
723 967
174 909
122 450
784 705
605 439
640 805
112 244
629 305
518 826
444 147
743 265
266 671
162 988
658 953
736 569
240 648
794 137
867 501
705 498
448 837
434 369
452 885
735 714
888 339
135 768
693 822
434 699
576 496
98 524
906 545
889 879
402 211
625 406
571 183
617 661
154 957
263 109
546 395
289 658
219 849
127 632
298 576
872 613
375 594
746 66
146 908
717 323
992 334
295 301
390 3
712 93
342 264
716 573
124 696
663 978
983 113
492 556
938 402
225 819
320 837
534 197
945 602
53 538
432 627
654 70
199 439
751 122
736 58
403 82
80 69
557 461
340 778
639 997
379 83
271 75
596 808
812 669
726 191
394 514
969 858
252 306
894 993
66 138
768 394
132 33
977 516
492 7
256 845
222 424
674 687
416 643
715 25
562 652
321 821
804 721
930 884
880 55
41 139
922 772
190 548
287 394
804 288
553 96
992 960
539 53
334 691
596 194
407 829
874 428
614 816
54 187
364 510
790 230
463 506
303 621
110 773
291 173
701 650
831 815
813 336
743 19
298 889
466 204
196 485
435 891
603 674
50 542
676 830
127 540
720 646
409 381
686 499
394 19
379 563
949 963
713 626
433 237
224 708
668 877
746 324
108 802
81 437
756 354
684 7
686 589
618 271
124 468
363 884
659 451
287 514
380 74
589 958
518 122
246 547
600 957
859 152
588 506
315 842
209 323
917 182
661 499
459 135
668 465
27 475
924 843
808 557
285 799
215 578
492 325
40 606
661 612
204 209
333 563
998 815
4 733
517 101
294 934
575 307
230 800
191 570
284 200
649 774
632 970
2 424
866 171
4 366
245 222
905 509
502 295
487 177
677 65
537 982
921 567
631 798
452 687
537 583
719 363
477 108
282 106
467 42
639 128
183 958
996 947
279 395
124 854
140 979
420 291
426 800
895 328
54 824
148 437
612 882
258 309
63 570
157 545
290 130
594 963
348 140
314 12
6 846
633 298
742 68
928 328
709 133
15 564
715 828
50 884
906 987
944 670
340 847
162 59
91 451
202 808
632 221
319 243
447 14
251 665
477 306
751 822
949 994
223 599
940 381
873 166
671 511
12 680
734 865
648 588
955 821
356 219
808 882
57 162
958 248
6 293
137 90
270 222
933 550
826 598
898 939
39 423
446 424
30 738
1000 477
270 73
955 919
126 988
714 550
296 339
350 170
260 182
680 606
70 805
696 148
294 861
148 328
459 751
209 900
122 431
31 555
948 409
457 386
522 707
520 160
540 291
634 66
107 78
349 5
991 746
207 155
762 238
874 484
546 734
692 55
2 65
252 848
866 768
260 665
130 189
42 131
581 140
214 879
513 484
605 22
275 985
862 639
188 531
131 541
461 830
372 239
46 360
512 572
395 400
551 757
116 795
7 148
181 161
530 792
306 738
275 292
45 498
102 749
548 543
767 661
901 713
993 696
25 638
65 569
463 955
980 930
506 605
17 958
536 110
683 918
584 346
358 933
570 789
741 236
299 265
670 296
694 690
165 416
459 79
635 214
782 273
255 293
678 870
56 497
403 644
99 53
711 60
213 37
929 732
970 416
915 289
535 600
203 467
155 404
621 249
571 812
296 222
216 6
31 638
680 868
787 968
113 435
948 637
606 113
329 235
348 641
649 568
644 976
587 850
933 368
93 243
280 528
761 89
889 12
550 432
466 455
429 209
158 529
898 120
607 510
295 744
957 731
101 553
857 607
3 405
598 395
337 451
710 780
949 716
460 718
447 275
407 945
548 206
950 174
608 945
523 1000
591 168
43 398
478 979
793 494
431 879
843 368
879 365
465 65
391 857
584 9
177 725
87 78
915 931
73 516
534 651
628 210
242 949
524 437
397 877
531 421
708 825
323 349
670 9
96 618
759 670
763 441
123 248
902 792
834 994
617 498
156 154
748 540
216 437
437 751
80 356
796 426
869 684
178 977
604 655
880 644
458 289
575 286
138 671
878 709
38 444
867 84
5 333
668 3
741 822
529 323
51 3
514 697
273 454
576 994
614 878
983 404
299 817
887 99
452 549
930 885
625 363
66 388
460 708
230 261
943 233
56 237
490 259
902 129
145 356
607 316
644 842
974 721
829 210
689 615
141 240
897 626
153 226
983 754
625 592
272 240
664 658
352 78
315 50
875 729
279 471
690 410
325 373
349 367
850 212
533 801
456 75
310 122
257 110
669 305
336 737
63 918
803 39
145 817
722 45
634 929
357 6
125 42
767 591
181 360
240 457
67 365
9 71
16 154
508 5
648 706
375 855
470 201
452 460
219 459
76 336
829 910
744 194
851 766
380 542
329 948
405 707
30 688
696 812
623 211
522 936
47 919
798 693
398 39
146 452
222 363
711 285
161 641
644 234
517 100
97 515
683 772
616 190
718 471
341 392
434 218
491 279
492 100
644 121
994 482
632 971
811 301
213 846
514 669
843 203
864 429
369 576
922 758
120 570
192 967
598 339
417 998
622 597
201 799
936 454
191 455
247 528
107 101
14 691
145 320
308 916
900 688
883 350
598 573
748 490
362 189
469 647
681 295
538 344
704 64
575 839
192 276
626 484
435 696
149 874
922 170
135 843
920 210
837 61
50 801
414 262
568 862
935 992
494 953
617 707
999 281
436 617
556 362
615 201
907 16
763 954
395 452
953 434
310 241
702 727
423 306
927 866
395 341
15 676
328 816
129 801
443 411
59 672
261 292
231 765
266 458
323 247
911 414
682 562
959 418
47 740
604 694
566 192
18 426
860 421
837 295
794 983
305 414
526 626
746 460
582 862
90 40
708 482
815 592
691 990
963 837
252 260
623 247
238 851
577 823
997 430
929 838
514 940
472 791
772 500
773 93
544 379
378 193
530 322
397 377
808 544
294 963
830 145
436 400
565 509
592 437
41 177
539 222
559 147
355 465
874 707
173 612
517 373
141 86
605 593
36 892
183 767
135 632
466 337
891 819
126 511
855 482
97 235
447 907
535 104
170 792
889 224
395 181
322 975
532 681
54 874
685 332
559 727
687 386
581 150
879 618
10 12
883 367
567 261
900 857
154 935
894 45
987 477
578 818
360 319
250 895
570 478
220 347
98 827
764 920
879 50
492 699
111 35
149 322
7 804
10 24
485 250
94 786
954 851
683 371
403 833
861 776
637 232
413 510
289 48
937 764
886 649
355 718
651 878
928 489
12 988
623 154
401 431
111 374
78 613
561 637
199 243
55 847
369 204
77 659
393 300
180 172
643 716
381 893
293 459
521 40
853 131
47 828
947 834
397 413
515 518
32 586
136 526
844 345
481 325
724 263
541 471
13 222
938 677
697 365
795 84
944 810
616 535
501 59
999 780
274 907
965 652
141 122
843 352
330 181
719 445
421 730
265 806
382 169
213 600
473 651
832 78
455 935
415 397
128 581
295 722
700 205
738 376
164 831
344 519
625 650
462 219
444 610
234 90
183 135
811 742
996 682
943 761
503 1
788 702
910 323
59 778
794 331
778 363
360 283
646 839
205 429
557 152
724 639
233 354
91 10
129 372
771 710
21 299
797 346
469 816
492 558
630 972
721 32
918 666
668 553
389 472
411 560
86 882
380 155
553 895
33 18
739 580
591 751
480 865
579 47
468 566
566 315
200 608
955 752
811 956
643 667
590 476
696 577
540 817
172 267
341 2
866 419
403 675
463 531
673 257
565 275
624 753
143 685
368 63
296 300
78 914
136 437
913 163
640 997
40 785
113 461
938 758
834 423
174 828
670 705
819 9
396 206
582 287
221 383
350 413
297 279
973 605
726 744
801 647
841 338
95 491
871 253
409 286
14 583
553 247
118 651
232 870
943 974
804 928
791 655
515 79
54 35
719 183
723 176
901 219
37 512
154 876
804 973
959 981
343 368
440 593
849 395
280 954
98 897
552 264
971 952
110 468
534 330
702 824
993 916
19 355
10 254
604 10
381 159
396 623
846 123
423 414
229 91
820 594
417 65
328 868
665 299
314 315
319 46
376 624
507 454
842 885
534 519
938 848
498 191
523 274
637 315
158 379
201 420
720 196
975 800
65 913
800 748
108 593
459 786
602 91
969 884
221 927
739 862
830 107
735 100
587 274
520 473
792 542
21 884
726 820
988 864
329 503
661 836
639 479
363 208
187 622
460 666
890 35
321 740
8 922
128 89
70 985
205 894
995 868
726 756
602 526
511 142
877 275
573 821
373 169
211 969
188 419
515 26
143 837
573 240
520 996
23 787
580 572
871 495
514 222
663 483
926 595
379 770
896 514
970 671
461 792
409 901
49 158
326 578
439 865
578 815
150 508
137 563
375 615
926 269
802 807
348 317
267 933
155 970
335 545
671 219
858 510
196 249
699 770
704 700
299 240
750 691
436 831
882 347
310 784
674 79
638 868
553 806
91 227
38 942
460 20
263 635
255 977
669 121
928 317
973 291
136 128
618 914
957 295
18 220
220 686
512 67
173 768
782 170
952 145
347 729
649 215
173 657
35 752
161 541
680 763
842 930
401 14
187 541
95 252
597 90
389 613
374 429
161 910
588 819
754 519
496 283
204 548
617 179
834 495
596 953
435 328
19 649
738 115
456 712
624 199
867 474
26 38
101 674
139 461
70 231
365 793
832 914
514 162
254 19
19 980
370 532
706 870
12 187
165 136
70 385
20 670
353 659
943 740
289 651
290 164
629 783
426 548
300 13
484 370
806 771
647 732
149 208
922 464
135 477
376 970
305 498
362 47
570 78
842 683
627 147
185 164
367 148
222 622
523 124
428 504
712 179
198 994
16 762
988 704
809 606
522 188
794 953
987 535
337 542
241 222
209 376
484 950
828 497
471 664
221 805
534 958
95 796
649 384
632 584
940 385
501 597
284 509
591 808
207 743
483 71
484 660
804 843
368 389
485 649
777 437
725 471
548 71
907 822
566 745
715 225
388 353
28 152
359 718
861 392
606 341
697 735
165 17
94 137
611 33
334 952
226 1
504 931
156 884
485 992
969 767
625 333
257 555
579 684
286 846
947 144
795 908
108 236
994 141
478 266
447 857
502 412
268 124
788 891
558 869
732 936
789 415
754 924
645 731
814 66
893 731
585 154
442 854
879 536
534 77
519 667
666 125
318 808
616 980
984 600
414 351
898 152
333 955
866 516
979 863
619 324
34 338
701 314
272 451
276 395
663 521
614 121
46 757
586 534
38 645
34 901
704 629
869 133
851 390
393 802
926 468
964 175
603 377
731 172
668 699
492 970
727 152
768 65
664 18
756 696
258 831
215 853
199 432
860 622
863 601
973 137
260 308
375 147
123 250
436 21
476 970
547 61
579 191
262 633
599 113
144 692
677 534
459 109
830 76
192 672
211 614
375 433
433 394
829 300
113 827
971 103
866 275
726 783
341 355
537 846
610 812
667 479
390 858
688 978
874 649
202 10
594 760
739 481
443 812
518 985
10 857
509 894
675 585
32 965
839 842
967 273
992 963
827 765
719 400
814 380
980 108
452 709
272 99
734 183
628 606
371 431
120 877
379 904
31 771
724 216
27 632
804 766
428 506
928 904
781 164
914 867
76 654
862 76
867 833
671 81
84 605
1 103
845 862
431 781
509 841
718 7
613 339
765 120
802 226
487 790
699 854
43 138
760 872
209 166
764 816
945 746
677 839
732 278
589 187
630 809
404 297
377 821
747 819
133 38
178 657
293 672
129 647
133 183
482 379
873 634
13 545
285 796
414 672
716 480
521 22
631 215
504 654
854 114
88 845
235 750
901 195
890 334
212 310
89 421
342 945
18 923
576 593
759 160
320 159
225 45
450 622
344 21
363 211
518 999
605 587
265 60
683 693
778 862
781 224
804 327
36 937
259 202
400 916
61 475
982 845
79 235
689 867
149 548
948 964
550 912
560 912
139 31
12 359
470 559
201 298
759 879
225 444
776 828
707 976
528 205
314 250
82 366
138 428
584 244
894 273
508 180
827 328
833 779
64 796
449 514
470 888
56 924
536 486
518 202
295 71
119 387
512 415
640 68
163 721
117 878
815 749
981 725
768 184
937 535
275 88
646 185
995 489
940 414
636 13
194 24
565 7
677 605
130 816
424 525
464 766
137 168
527 511
765 576
197 134
811 280
151 987
635 157
890 499
933 908
446 269
855 947
948 215
623 471
146 185
735 137
810 208
394 827
288 298
57 611
389 612
782 965
786 662
331 477
938 719
279 85
139 750
175 164
839 893
201 825
273 356
535 388
403 809
211 240
356 975
92 693
3 156
496 762
614 534
500 146
68 446
444 734
218 923
737 953
274 985
666 503
978 325
939 969
390 735
490 123
291 102
628 261
315 124
524 72
306 601
785 766
918 793
41 668
764 692
945 118
193 969
253 185
291 324
419 283
202 617
332 552
996 519
492 806
976 912
510 427
138 64
788 506
820 523
17 802
289 69
988 749
521 402
986 430
753 489
756 724
191 187
967 970
894 638
290 728
39 503
242 193
704 982
572 217
307 775
707 294
375 428
485 700
920 541
4 147
748 985
217 167
291 744
760 977
716 191
493 754
611 467
977 685
155 105
305 516
886 250
924 451
613 342
751 936
786 476
491 110
203 306
874 549
183 733
404 501
118 818
121 14
123 1000
830 719
942 5
466 450
766 713
468 404
608 743
155 211
185 666
554 757
766 971
440 968
712 788
31 76
987 394
755 662
646 539
816 306
908 354
125 402
641 441
381 8
992 467
498 292
371 14
427 864
724 522
428 191
929 486
751 307
263 388
281 427
176 191
485 139
640 238
91 12
111 65
8 584
544 906
82 713
655 942
488 112
786 329
156 503
492 528
836 369
891 602
986 386
626 157
682 992
246 586
742 591
858 120
90 494
329 878
660 950
330 561
100 155
816 604
674 854
5 424
187 521
541 230
449 54
786 143
697 280
900 155
886 804
273 113
240 236
956 658
972 892
226 947
43 523
785 135
584 821
179 123
786 433
727 853
776 231
960 324
335 324
430 424
786 448
143 589
365 557
477 915
100 686
835 789
486 835
288 560
326 152
255 2
827 901
511 148
370 1000
781 76
529 243
969 500
41 937
692 712
762 299
71 765
755 596
202 380
844 771
866 711
832 987
634 347
874 289
984 646
513 432
842 300
22 434
850 211
561 396
672 995
879 684
755 882
112 720
98 927
608 80
443 457
962 731
30 251
547 47
675 226
270 650
220 285
503 230
223 750
8 917
245 894
782 372
536 973
997 68
465 732
506 545
90 160
403 5
798 926
176 441
147 8
789 270
591 717
191 243
275 242
27 552
197 632
569 140
97 470
744 91
503 210
381 694
647 589
665 765
449 18
752 469
588 43
200 892
330 823
721 462
600 507
522 649
523 720
204 315
484 572
378 27
970 648
403 558
79 513
373 996
840 967
51 96
490 576
737 577
540 164
559 248
583 6
198 32
495 678
898 150
938 635
728 43
526 354
657 17
439 447
724 31
193 593
642 278
840 387
785 262
714 420
883 487
851 5
174 282
452 984
883 404
258 305
979 937
159 211
309 738
703 534
302 429
763 959
909 639
498 364
840 222
779 95
600 720
450 459
698 101
100 287
45 394
618 476
659 626
417 99
91 116
95 516
295 70
371 740
41 149
368 558
609 608
385 638
781 486
263 629
160 826
722 948
32 356
30 659
802 344
659 193
164 865
647 544
57 561
376 926
324 795
968 98
327 245
904 157
207 547
209 734
853 93
178 871
658 29
741 328
681 245
187 543
648 27
613 637
728 233
156 786
395 746
677 144
40 235
38 330
499 910
463 235
246 233
677 97
127 190
455 631
848 721
966 1
182 560
22 169
596 6
567 903
70 229
550 723
40 408
886 347
266 966
13 379
287 108
490 120
788 583
127 877
440 813
684 752
277 198
850 264
672 956
604 319
71 858
827 24
348 729
757 343
975 384
922 316
375 724
33 531
766 31
16 847
167 744
962 656
96 364
478 906
376 972
565 678
512 350
551 983
258 832
814 595
48 350
145 554
971 672
989 695
372 687
502 618
730 825
802 410
592 810
903 138
702 419
26 896
25 755
686 760
891 358
892 21
659 364
702 306
890 562
730 91
238 882
739 779
243 728
247 224
122 320
677 449
806 175
721 389
8 120
490 998
445 398
710 410
348 639
539 270
982 991
999 952
378 962
530 71
628 934
899 134
832 163
979 436
338 468
653 907
636 581
568 733
701 927
827 794
821 8
382 868
537 515
850 458
944 523
301 386
175 409
663 436
701 865
210 956
563 832
659 897
434 692
898 231
934 745
520 525
611 966
727 598
654 728
767 881
609 115
196 315
560 857
966 553
915 713
497 522
205 473
599 649
910 844
103 510
567 431
471 122
171 358
889 573
240 559
769 397
901 664
439 585
997 47
727 154
34 933
767 693
660 81
367 795
115 306
997 176
946 898
734 829
57 109
419 882
647 330
96 782
448 22
906 320
989 957
259 630
388 146
407 406
30 747
476 891
442 967
648 870
209 516
902 574
156 948
389 521
59 82
574 198
941 222
924 433
552 391
711 91
550 950
681 156
790 558
739 402
297 139
61 98
47 51
729 136
786 449
594 758
434 569
151 81
134 897
729 313
930 992
787 601
387 295
481 64
692 602
586 485
842 75
87 538
258 8
271 553
944 567
810 940
410 255
619 119
983 654
736 329
614 430
672 629
949 699
269 537
491 905
202 716
81 917
945 44
853 939
29 418
253 143
147 51
165 135
560 837
121 613
162 431
384 107
302 447
229 503
176 205
971 778
497 903
595 826
964 141
824 536
39 203
59 521
456 875
669 368
871 622
485 319
968 855
453 785
921 515
432 148
99 693
985 162
581 533
821 38
751 933
418 475
340 919
61 593
307 977
894 951
94 523
612 76
65 775
119 76
781 713
884 250
673 433
160 108
568 89
74 686
772 419
61 932
784 499
800 60
434 214
930 691
648 96
133 504
212 423
820 294
739 398
135 643
62 417
92 572
387 498
745 862
463 135
945 396
139 597
79 696
966 26
828 95
369 678
111 43
398 366
219 720
770 192
24 546
135 822
267 326
819 693
982 835
550 519
755 563
644 584
738 319
652 115
681 897
196 439
914 818
786 282
831 735
686 182
11 970
486 168
732 176
823 107
26 378
737 238
37 219
647 185
343 390
915 513
210 389
224 886
708 456
674 360
324 305
91 454
509 875
25 610
332 996
686 515
64 798
393 888
307 670
694 30
732 325
275 380
518 200
115 381
134 193
329 971
536 23
950 726
799 527
786 818
735 469
402 43
595 522
648 943
78 700
743 974
635 969
658 376
74 627
274 113
627 613
152 941
357 323
144 525
930 612
592 139
602 109
536 119
26 609
762 823
190 820
653 644
486 607
485 888
248 533
463 837
985 253
913 104
680 653
592 772
28 341
395 634
362 507
737 733
912 775
974 738
919 39
753 345
63 393
546 957
799 541
726 535
841 367
995 530
32 638
370 640
362 44
988 232
679 901
851 32
762 461
709 66
840 271
487 660
144 262
73 416
382 442
475 372
171 440
59 117
166 939
103 324
276 498
663 742
851 382
836 234
1000 579
585 430
237 611
612 625
985 929
231 625
57 374
609 673
537 188
609 846
570 60
994 564
100 387
797 483
46 809
290 581
659 510
218 82
91 192
113 776
898 870
403 60
61 552
423 129
171 168
834 872
337 832
218 197
347 491
938 218
167 188
575 3
557 628
118 426
669 90
172 534
726 149
214 121
902 960
687 554
2 948
281 954
469 37
810 35
683 819
422 165
914 195
557 790
282 632
912 735
469 150
87 715
588 108
455 423
746 964
479 301
969 531
531 244
734 301
974 843
973 695
580 947
969 468
691 506
340 20
568 367
662 713
972 184
835 827
343 804
420 51
974 766
331 584
773 625
120 741
411 464
875 151
433 184
50 131
389 928
453 198
827 857
331 694
353 978
945 922
211 492
885 506
823 141
201 134
32 99
827 182
810 808
776 664
600 508
582 316
513 475
490 236
533 776
914 890
718 268
901 852
421 794
297 772
263 107
598 970
141 651
551 660
823 83
412 910
510 332
278 620
465 43
873 438
840 9
860 212
870 421
229 35
397 791
860 331
110 137
664 21
385 564
190 289
962 262
52 258
90 125
327 376
560 373
964 479
493 33
393 755
61 701
777 244
248 924
194 94
509 940
53 265
860 655
683 142
338 885
624 614
551 399
653 635
17 473
456 839
787 781
401 58
238 617
753 928
226 32
541 439
28 366
856 407
69 406
500 310
22 231
114 892
813 680
575 985
746 605
321 574
657 452
93 210
880 632
723 199
870 938
253 940
457 191
64 375
83 213
926 635
656 11
642 82
861 94
989 137
576 466
279 579
561 820
896 425
552 347
861 463
44 175
686 266
944 485
764 766
637 360
822 474
272 546
720 636
242 752
149 164
941 456
694 128
237 555
38 676
185 880
666 726
617 917
854 602
211 946
471 398
972 689
983 19
768 32
107 772
842 881
756 671
404 308
192 252
454 726
584 477
241 155
668 440
241 267
696 817
510 957
385 818
797 205
568 235
696 928
795 432
834 114
122 832
21 728
298 279
597 209
924 103
30 998
35 728
198 260
934 136
98 168
691 50
877 483
515 864
809 67
957 459
5 590
210 720
282 197
700 403
404 592
963 902
581 368
74 236
257 818
187 433
121 181
598 673
529 878
986 45
107 390
608 673
323 135
573 381
723 80
763 725
671 784
234 15
399 765
811 661
301 803
281 214
947 410
466 170
512 598
416 248
917 481
955 146
304 32
840 242
36 511
699 169
629 984
413 243
626 622
756 477
59 679
273 455
794 574
797 365
263 337
655 627
656 563
696 512
713 422
332 884
59 532
116 547
397 944
937 651
4 726
445 932
945 612
530 522
590 382
170 141
247 105
33 147
967 880
916 722
118 510
73 410
998 882
916 577
332 312
575 460
333 977
174 670
247 828
89 390
532 512
184 494
517 468
369 918
778 896
175 48
990 111
616 544
340 96
790 326
684 829
117 114
762 717
541 528
671 577
49 754
250 341
77 440
37 273
921 390
684 611
867 559
687 280
965 70
969 3
399 672
71 711
625 115
763 895
747 146
34 475
509 187
186 142
131 515
278 726
263 6
121 435
824 772
271 523
608 939
475 228
332 555
59 997
116 242
764 550
68 125
73 641
379 497
475 898
348 396
242 907
959 380
45 492
437 66
954 860
683 374
77 987
168 969
636 334
217 193
280 434
506 726
640 466
313 302
613 987
834 920
981 871
712 484
458 420
688 637
800 903
363 481
347 648
848 883
472 103
308 277
916 980
478 93
339 761
781 498
912 623
951 902
274 372
463 856
503 555
820 287
207 295
931 571
572 319
294 605
353 247
979 295
952 599
597 52
784 855
634 814
628 582
991 564
760 438
207 69
796 550
176 743
823 845
589 877
241 967
758 880
836 922
283 522
694 488
89 975
645 387
511 416
852 364
528 106
310 400
992 103
477 481
633 379
935 306
945 919
894 665
220 389
793 235
962 754
817 221
546 501
341 759
185 859
862 45
991 847
802 72
372 495
245 871
655 570
743 511
200 312
862 782
295 187
371 817
924 553
495 310
711 755
911 477
197 661
551 842
788 8
812 374
116 539
321 437
48 715
980 972
932 815
384 717
65 904
413 334
722 534
134 424
63 274
877 954
125 565
551 57
402 112
406 616
317 387
350 271
89 220
161 767
808 622
792 519
132 40
565 286
566 713
715 129
933 218
754 361
916 1000
812 841
467 328
395 679
621 215
41 99
162 793
736 766
843 178
408 649
336 831
840 652
508 778
127 112
74 76
348 867
918 307
25 722
683 730
740 921
157 899
653 62
545 669
343 633
239 763
117 219
580 709
654 408
287 145
70 291
2 3
560 270
6 571
559 293
414 300
325 383
898 201
98 555
120 79
963 501
374 964
713 222
434 553
55 443
585 199
847 143
589 452
76 537
681 905
665 12
613 462
998 184
849 168
155 859
559 857
375 956
987 38
402 656
350 746
495 263
962 504
323 174
470 195
347 308
919 778
461 260
669 255
356 46
155 659
532 41
60 602
521 312
557 554
816 748
526 523
569 36
30 561
852 701
899 516
38 240
385 930
209 614
606 503
189 341
118 293
579 957
666 145
30 999
35 731
952 873
346 568
925 586
654 56
783 348
666 586
761 328
156 696
640 885
495 923
934 875
705 145
338 410
46 155
943 139
726 521
430 58
754 766
149 658
829 240
141 270
607 431
19 846
667 842
596 92
28 640
90 642
931 977
658 523
435 702
989 123
292 797
274 768
819 548
326 564
609 72
102 967
229 311
67 676
858 729
662 173
591 249
297 835
392 757
488 798
381 205
110 501
519 509
99 868
816 76
394 62
823 779
112 989
149 296
745 75
929 284
107 850
772 933
594 352
372 598
727 92
87 253
627 472
935 435
380 216
497 28
14 319
401 342
385 797
151 614
100 862
924 491
810 344
331 98
95 965
756 769
49 821
48 832
658 393
730 512
346 621
458 355
278 478
631 36
977 581
427 512
929 698
293 51
957 12
80 576
812 785
879 417
1 852
740 678
645 447
4 329
135 737
115 675
64 99
338 382
301 266
999 887
247 754
801 834
141 161
288 635
951 752
559 137
889 121
876 38
344 898
823 314
101 33
789 390
98 753
858 923
88 391
475 473
383 118
188 994
679 517
893 675
659 983
612 797
794 462
245 608
339 487
931 43
91 262
241 661
572 719
485 2
562 277
750 630
298 743
349 819
465 94
488 137
822 50
864 868
607 980
276 210
409 344
561 772
39 141
333 432
190 267
228 90
878 244
955 637
26 911
13 643
12 986
566 337
146 356
165 472
407 399
190 101
715 276
947 682
105 563
927 640
626 87
147 946
539 628
846 624
351 50
742 641
285 960
397 262
18 61
721 506
226 824
190 839
709 829
122 889
491 324
109 141
94 227
294 993
278 506
995 116
233 688
580 670
285 738
257 701
299 970
336 840
660 979
892 587
628 929
26 357
745 907
528 687
179 769
24 894
297 334
211 144
689 821
471 753
82 951
187 395
741 800
351 660
893 450
999 232
343 516
165 592
774 710
442 311
84 864
175 523
895 440
254 48
628 357
956 300
903 375
192 449
728 691
512 608
140 865
417 684
434 514
880 606
921 44
499 88
689 56
908 286
983 954
140 752
968 497
253 89
152 158
797 562
104 759
360 257
638 116
250 925
592 604
864 145
367 70
611 542
834 759
281 431
543 451
158 103
681 846
521 545
599 1000
932 985
994 802
974 372
315 969
871 724
929 181
582 777
752 880
916 437
976 104
151 712
7 548
377 909
263 702
468 572
570 816
60 616
886 542
423 820
249 777
150 324
414 585
990 744
904 243
815 391
411 965
833 172
600 855
49 893
854 218
639 592
911 769
312 836
47 79
857 87
235 807
911 901
365 408
437 827
867 170
250 168
13 252
622 576
406 158
130 312
285 948
58 220
783 181
912 362
87 956
553 104
792 964
559 454
819 301
253 569
182 511
991 555
98 710
887 970
162 619
179 571
917 745
590 205
906 634
64 329
282 304
232 763
144 305
54 852
989 135
701 755
318 969
652 720
263 56
671 975
125 405
513 293
417 392
948 924
229 355
874 104
215 533
215 304
970 583
408 220
703 591
500 650
638 912
729 916
688 702
676 693
682 694
223 746
82 278
106 691
694 49
897 209
555 477
354 758
122 650
847 615
512 392
26 468
405 603
836 337
565 957
932 844
848 399
941 906
950 632
203 805
61 735
652 998
890 617
63 305
234 929
398 46
652 885
834 112
283 250
961 203
166 149
260 626
304 858
30 996
308 718
459 874
425 942
597 64
360 750
891 879
606 278
329 330
743 619
598 362
361 953
288 481
252 786
37 234
41 239
287 342
774 876
940 636
317 987
504 190
88 317
325 48
643 87
992 851
183 673
871 485
488 722
88 428
197 246
605 153
400 792
274 769
304 673
903 302
374 950
140 858
508 636
549 498
866 598
64 708
326 580
650 746
813 78
10 269
455 218
671 48
68 27
716 927
515 476
37 129
986 276
819 882
219 14
871 275
590 51
495 437
298 659
101 46
158 191
110 212
717 404
76 284
884 443
464 49
891 481
533 258
67 834
935 434
630 782
632 451
461 295
731 393
111 347
494 337
497 19
389 171
484 879
786 817
949 483
808 777
751 811
990 529
613 822
365 316
930 496
346 763
720 778
761 664
13 435
999 690
194 311
303 139
915 269
535 588
810 221
145 141
191 582
631 622
693 246
317 172
265 593
855 684
553 390
786 718
420 139
421 606
153 528
528 580
925 990
967 327
73 777
521 81
947 343
541 750
232 902
800 424
453 94
550 324
353 90
469 676
111 519
719 196
225 128
606 846
510 99
75 642
993 155
373 425
466 253
374 914
712 765
845 575
183 184
41 647
465 435
102 40
505 978
955 176
794 382
944 431
980 613
105 101
768 861
769 52
332 948
797 734
966 995
517 719
699 804
811 814
800 830
956 337
363 935
894 641
203 574
846 804
495 318
484 45
964 343
881 695
419 858
445 966
212 951
397 547
790 986
94 567
313 300
498 848
579 201
449 444
88 748
42 37
895 688
768 423
276 646
812 976
706 79
583 791
14 54
161 578
606 460
74 741
471 869
188 381
710 414
855 707
515 668
511 921
666 528
872 923
122 88
820 281
822 324
936 502
549 758
959 758
692 979
209 796
255 21
112 237
300 532
687 216
47 377
288 664
418 587
923 318
767 31
288 759
845 705
285 809
224 245
371 326
776 524
335 163
139 380
911 989
603 544
42 784
290 194
275 618
702 775
538 973
280 980
79 460
1000 649
431 887
876 826
272 584
703 699
486 258
301 979
416 387
417 190
517 547
59 737
758 367
431 854
768 71
347 298
498 689
684 171
261 246
674 113
611 17
919 849
575 211
498 229
998 734
358 889
108 612
130 834
482 337
30 784
686 907
838 914
469 85
786 889
694 662
165 332
972 76
668 373
317 385
523 602
583 874
241 409
270 9
950 959
22 634
452 261
304 704
925 612
499 981
697 765
117 278
724 290
616 491
635 345
800 242
13 251
550 418
952 941
628 902
648 422
888 555
773 659
541 549
326 157
364 352
368 877
259 212
460 851
266 738
812 61
301 337
28 527
112 967
969 511
163 304
553 248
607 437
790 255
45 844
590 536
831 854
979 35
162 731
852 90
550 622
702 961
44 283
997 651
101 454
214 687
68 786
639 583
926 280
68 32
768 662
567 30
825 619
73 718
515 483
816 162
301 606
430 698
767 631
509 835
347 104
771 666
647 119
746 318
270 574
111 96
684 248
522 239
464 91
543 311
536 63
539 864
158 354
553 860
460 126
78 565
472 916
610 646
118 401
962 11
800 850
969 893
57 879
868 161
136 122
190 909
929 803
515 566
791 669
459 924
649 188
703 369
664 424
30 997
17 442
36 610
473 776
806 122
682 444
838 299
399 102
130 362
739 434
490 732
516 202
644 903
829 157
563 964
378 873
362 274
255 45
628 521
442 394
314 783
84 955
89 619
95 327
478 599
743 217
358 185
747 70
408 308
392 921
335 155
604 336
107 264
427 641
49 151
802 975
896 392
992 33
793 48
685 2
561 60
361 22
567 814
445 864
93 759
47 986
298 513
280 12
106 354
552 600
993 570
850 869
500 542
929 274
864 847
449 957
539 991
301 123
925 198
618 360
214 375
364 544
216 919
384 792
904 479
564 425
285 216
566 331
489 549
532 207
998 742
753 289
700 808
955 817
483 80
194 389
161 308
345 23
398 11
118 627
425 239
298 359
193 91
545 174
104 426
1000 713
103 229
769 806
791 673
923 896
782 92
610 895
592 286
576 947
443 652
298 264
908 978
305 611
877 307
199 843
421 349
739 430
670 768
257 625
518 752
234 967
874 602
931 657
608 298
650 843
547 449
503 791
241 984
936 200
884 774
296 807
49 465
103 98
741 654
66 539
440 629
478 706
743 82
15 893
434 540
788 563
92 64
46 369
489 52
674 281
747 437
340 773
470 956
552 677
241 612
663 595
137 673
689 508
651 184
515 507
864 870
148 39
315 574
673 832
967 674
966 883
716 610
366 95
702 469
7 941
154 740
145 788
402 873
186 688
890 716
615 314
56 156
535 796
287 768
792 739
703 90
942 774
178 595
971 274
899 561
977 901
9 955
838 966
624 638
342 785
414 738
785 865
919 387
481 627
695 226
669 888
891 968
388 617
303 174
108 438
625 100
296 312
938 907
152 828
559 948
421 480
518 534
408 769
939 623
559 206
373 935
265 584
412 741
305 651
398 944
187 687
510 190
541 576
340 391
982 562
681 69
211 146
619 241
732 560
53 919
75 579
814 218
373 362
83 5
824 532
903 480
546 703
429 89
516 220
495 808
25 116
83 170
466 222
451 334
604 280
474 757
901 848
162 160
577 976
973 803
615 184
375 695
836 187
49 223
970 545
989 323
538 813
685 74
827 281
578 897
261 467
974 259
428 324
86 680
141 873
533 103
256 253
537 156
311 266
851 564
198 961
396 825
34 973
419 744
191 116
138 832
418 364
529 50
739 588
242 140
423 161
741 166
104 181
178 740
488 276
554 347
664 311
442 496
905 51
134 431
359 948
30 748
809 687
578 500
796 419
295 385
566 605
97 766
540 952
436 915
494 865
169 42
957 193
463 904
744 658
797 442
821 562
515 763
792 808
406 312
912 477
508 918
514 545
628 903
40 168
611 211
227 730
671 629
193 478
822 995
252 895
577 92
899 118
62 744
83 761
643 125
391 355
40 400
396 443
954 509
166 603
187 6
678 683
250 618
625 686
55 7
591 113
129 776
637 755
563 720
379 751
784 227
126 104
201 311
864 81
756 39
456 195
419 473
449 910
983 201
129 220
546 675
480 584
542 856
746 319
893 60
571 313
324 361
499 287
347 152
973 68
189 693
355 693
483 456
798 113
30 415
988 647
661 295
367 826
519 201
66 339
447 242
582 875
507 79
219 371
845 597
973 166
669 109
281 852
602 176
820 239
821 82
513 641
422 7
248 956
265 456
217 967
554 462
496 186
665 879
759 411
748 904
217 35
238 926
90 339
77 548
78 839
9 860
193 239
467 504
854 228
307 99
807 662
991 437
313 694
669 721
321 835
307 400
917 855
994 106
680 308
813 631
830 943
227 758
709 678
303 821
328 415
438 964
97 198
44 587
317 985
891 572
504 283
813 8
538 161
957 681
490 908
676 23
953 878
291 115
81 603
832 829
84 666
343 703
327 243
571 152
442 92
154 840
344 447
604 448
181 433
241 750
558 497
12 493
236 851
595 876
779 85
86 609
361 166
263 333
301 538
108 888
586 696
860 271
366 64
115 320
82 651
52 343
471 564
772 584
898 671
907 92
423 152
802 483
803 518
19 435
216 455
161 346
789 584
522 885
227 201
345 721
713 998
296 462
42 222
173 888
126 808
201 631
401 117
554 53
972 228
95 87
593 589
806 103
330 932
347 846
69 473
450 589
400 186
883 909
44 777
429 961
867 193
183 577
131 75
80 865
197 438
714 224
365 640
224 380
480 214
979 252
193 567
802 671
588 832
987 566
399 684
228 690
909 955
470 723
676 922
948 935
845 573
367 329
370 415
840 131
287 904
492 910
382 270
793 19
979 824
655 701
529 761
168 687
392 611
211 531
512 340
90 832
141 836
589 282
645 461
242 903
884 362
632 259
161 171
768 125
676 606
43 203
967 562
490 359
463 417
963 923
982 149
102 632
553 923
184 82
920 838
498 846
252 289
556 681
696 92
695 790
505 447
131 491
777 445
523 641
908 657
677 348
825 425
700 531
131 376
373 821
746 474
625 244
838 108
597 6
585 582
268 278
714 802
472 393
774 803
827 513
666 630
944 803
50 90
514 461
787 579
37 160
221 387
296 998
37 582
89 561
474 801
257 973
439 509
525 92
799 397
123 862
72 988
461 758
157 733
823 136
171 545
923 606
121 482
487 695
755 671
315 185
421 773
478 846
262 267
335 963
523 437
693 733
417 338
970 558
702 773
168 764
962 718
904 354
33 674
642 796
51 404
189 831
816 23
821 298
327 593
357 458
290 277
733 639
361 297
190 298
542 31
659 910
102 534
730 999
590 511
159 725
436 110
406 770
623 299
564 354
268 871
622 152
473 487
420 698
259 636
811 443
264 902
337 560
844 1
421 208
942 914
256 681
255 857
292 439
652 803
924 24
491 293
155 74
571 834
112 45
459 720
120 552
544 154
139 734
677 82
550 416
519 316
938 654
903 656
227 733
361 595
141 149
550 307
662 719
921 465
832 52
830 515
249 998
213 515
734 191
292 150
594 530
245 402
447 970
340 378
20 632
295 646
196 39
887 884
67 575
125 365
533 966
171 525
309 663
148 267
96 204
115 216
172 113
600 588
881 817
494 562
975 759
570 647
560 89
171 457
855 99
587 961
859 100
453 795
632 426
542 123
223 688
111 320
261 121
688 475
602 177
536 223
938 159
406 921
941 792
35 993
52 1
753 148
22 745
208 783
216 266
830 795
802 153
562 581
907 886
982 302
713 466
518 588
333 778
320 151
800 161
654 60
322 573
621 183
434 163
678 134
183 636
368 163
177 679
518 991
726 658
912 314
257 619
222 173
616 600
231 161
827 934
378 999
975 230
948 771
301 435
28 621
891 575
31 862
88 256
288 706
92 344
516 490
338 184
780 576
358 191
664 760
257 166
24 599
776 710
474 571
715 971
55 106
2 914
500 971
382 275
556 348
633 311
281 330
559 539
727 389
656 266
324 424
533 188
970 614
664 773
349 619
977 322
903 94
48 474
980 866
582 539
487 989
769 94
368 839
172 891
409 607
29 798
30 105
661 201
664 35
994 886
332 881
560 468
157 122
784 888
229 856
413 385
52 199
91 875
885 909
635 854
583 526
915 48
38 129
111 469
282 767
641 996
843 818
187 822
155 276
153 863
847 971
667 369
795 213
961 205
108 114
348 513
10 950
748 34
326 72
754 655
719 419
558 999
110 833
652 344
980 61
502 393
362 372
867 453
780 500
339 28
417 762
291 129
555 956
749 524
577 680
447 514
249 783
583 406
343 749
990 428
5 855
338 47
31 80
324 238
804 208
698 959
989 204
258 748
97 316
861 788
250 786
324 125
189 937
794 381
443 409
300 6
718 212
24 448
746 229
608 85
381 350
437 220
224 647
25 986
579 287
380 26
452 511
521 410
315 929
584 502
132 396
63 404
891 383
262 579
657 628
485 595
930 416
644 374
275 237
565 170
354 270
355 59
14 138
548 966
290 946
809 706
94 340
8 127
62 182
412 449
910 64
969 900
198 310
499 853
47 183
622 825
936 362
709 603
398 950
772 135
192 25
134 924
744 963
641 836
987 488
420 57
723 832
745 792
796 540
763 579
800 439
567 627
1 203
182 535
734 192
75 581
206 409
905 796
874 463
638 444
50 189
634 542
770 130
845 766
681 357
330 413
405 429
762 376
269 750
68 216
554 652
205 752
675 400
202 546
441 490
663 659
387 908
7 463
979 870
998 6
819 913
127 620
610 913
907 82
125 27
767 997
168 652
232 351
712 73
147 278
20 8
258 901
555 573
794 627
82 705
368 542
518 138
441 934
375 245
780 657
51 547
233 40
904 409
359 801
414 119
806 480
440 217
320 639
476 882
645 63
243 701
318 169
194 459
35 853
217 26
968 766
660 668
130 611
276 677
425 37
673 287
200 983
991 83
218 1
578 148
541 256
231 709
339 664
178 806
532 709
455 278
424 98
373 953
725 212
72 652
921 551
45 679
600 98
992 261
329 140
457 208
658 231
409 547
442 215
387 714
145 440
968 307
236 587
789 299
681 722
353 865
581 73
620 993
89 863
281 365
580 375
825 616
533 167
111 911
42 898
334 234
436 702
718 12
480 586
211 970
530 894
258 873
423 97
100 498
545 347
375 808
765 480
694 930
981 616
534 541
719 531
208 83
794 966
258 805
871 756
837 932
825 36
788 152
310 556
445 613
165 774
85 356
15 9
455 182
592 120
5 99
869 356
439 733
694 625
751 640
274 4
57 876
574 907
901 185
575 470
759 405
227 60
688 570
563 438
961 943
397 330
455 468
259 377
497 294
8 55
763 207
877 187
236 197
772 57
741 104
773 768
278 422
939 536
339 692
419 842
50 257
655 364
182 770
183 639
921 658
212 77
344 141
668 579
940 472
792 949
633 777
795 22
210 714
391 419
999 846
254 259
537 595
352 263
615 830
672 714
268 61
354 474
952 682
331 743
174 179
990 279
452 945
629 31
281 645
154 807
282 272
379 796
658 663
20 462
731 472
309 746
789 176
811 536
205 265
542 920
102 915
528 198
379 235
914 686
524 274
907 410
30 223
146 968
842 701
292 734
68 805
758 937
612 698
24 131
579 435
518 82
777 852
155 600
137 501
377 984
730 988
342 46
340 394
228 385
378 498
845 294
716 430
735 466
424 758
5 71
777 54
692 391
741 527
622 960
661 652
459 44
955 931
8 68
49 808
428 993
520 334
453 50
507 844
829 363
352 192
605 644
382 519
751 634
165 99
296 238
722 908
541 456
134 806
389 875
937 107
23 506
634 231
62 580
835 836
71 270
404 643
758 76
670 918
838 52
568 696
71 415
656 698
740 753
11 688
785 329
53 124
705 402
101 569
802 524
657 279
922 149
156 956
926 693
396 716
606 733
989 203
243 768
428 61
667 760
764 572
641 453
167 881
439 972
445 655
806 648
646 993
579 286
910 922
587 827
16 756
950 363
823 667
204 329
918 757
864 218
445 593
941 556
428 385
827 462
640 57
894 532
401 523
608 493
562 971
228 470
892 45
506 720
251 637
165 451
699 631
385 707
351 424
294 56
299 658
907 979
88 671
929 895
329 603
350 227
922 467
374 229
639 699
496 83
260 158
860 142
97 945
813 923
100 556
675 966
586 279
749 354
454 111
511 106
437 851
178 101
308 928
516 141
287 298
325 821
697 816
793 689
795 335
585 823
767 27
510 48
239 594
844 784
738 271
724 206
652 163
266 994
567 784
438 172
640 884
334 493
824 951
567 129
568 801
400 755
384 232
314 89
427 714
766 35
509 970
977 376
23 672
358 305
8 994
172 173
311 312
616 595
198 949
806 692
733 972
259 819
422 685
343 165
459 424
247 265
414 868
4 660
977 196
579 24
468 569
863 720
20 478
848 55
392 93
511 138
394 567
913 493
472 811
774 878
768 19
351 29
777 78
422 248
812 944
744 774
853 172
780 475
277 489
873 847
147 544
630 161
98 14
260 769
245 205
362 427
144 874
326 6
199 780
383 115
666 739
204 614
316 40
391 446
752 110
92 711
418 490
737 798
404 699
41 775
577 373
378 913
302 94
852 816
235 201
770 244
439 216
760 472
631 559
395 153
931 827
133 21
951 420
149 858
331 843
723 189
427 520
376 80
943 576
286 477
235 503
607 599
629 171
391 2
983 996
140 770
591 227
832 754
708 333
175 776
968 18
861 377
101 164
711 943
512 367
91 498
608 216
147 452
76 614
607 922
958 540
206 801
307 650
63 286
129 834
427 101
156 445
376 635
275 889
829 898
663 890
172 951
655 826
906 486
94 608
276 520
472 920
581 597
330 602
691 639
307 838
678 843
610 629
368 360
574 904
721 436
557 710
616 158
530 338
714 567
472 182
114 727
541 255
905 270
429 568
659 991
48 809
714 902
34 582
170 724
28 218
448 588
360 762
436 342
661 954
403 934
776 140
389 647
853 418
130 474
865 508
277 614
689 558
702 105
356 989
295 838
652 261
842 151
735 736
2 993
338 73
983 539
859 617
445 586
288 930
805 579
366 523
242 557
443 270
266 781
452 80
58 427
613 760
738 537
188 570
214 574
400 586
298 525
614 63
372 446
580 251
676 726
479 607
962 423
104 835
837 613
640 175
279 755
876 909
935 472
313 57
560 470
449 649
720 618
181 114
919 804
261 202
68 708
950 686
56 614
525 530
467 714
23 377
860 735
721 263
851 900
265 489
964 685
750 547
678 887
298 355
915 586
602 437
435 6
346 631
656 676
633 601
429 540
321 947
668 95
304 714
361 783
394 944
130 330
496 278
500 454
193 490
487 200
273 338
459 619
784 300
301 260
999 877
47 352
774 845
975 196
425 568
391 279
619 166
228 214
583 259
258 456
886 336
212 7
378 619
641 649
145 570
627 69
166 848
176 976
33 953
36 292
366 551
84 21
851 153
366 918
633 465
500 856
172 816
505 838
414 8
879 348
366 769
940 48
210 277
764 940
214 437
140 552
452 362
751 150
992 303
634 860
854 645
216 793
508 65
608 383
594 318
264 655
68 681
17 937
611 591
281 864
397 606
878 105
915 225
845 416
723 201
647 750
246 663
191 306
30 756
69 232
635 229
450 795
342 789
125 667
74 671
295 936
511 678
501 380
284 150
783 252
960 522
697 379
679 319
369 986
913 179
311 636
631 951
541 427
452 566
986 522
924 324
908 833
302 208
605 393
183 727
809 156
819 471
435 478
224 283
611 921
888 754
465 615
563 986
993 73
22 61
54 711
597 583
102 239
432 455
141 417
888 464
444 630
62 957
15 861
785 598
495 947
426 636
374 531
647 249
426 527
297 925
409 763
546 268
475 384
767 606
439 118
607 929
719 795
30 20
694 47
641 81
853 465
630 937
479 919
938 388
703 900
108 978
548 695
471 704
631 422
831 32
63 394
968 306
252 465
981 772
804 771
436 146
795 960
542 715
9 987
997 490
891 123
947 829
803 801
795 881
134 717
377 354
255 321
957 221
818 645
361 822
861 609
203 379
853 397
967 373
255 423
84 195
5 594
783 615
17 140
550 310
559 460
653 55
875 107
197 395
550 641
735 655
227 956
437 616
193 764
233 447
378 560
605 143
974 155
318 864
634 353
562 194
672 910
720 854
556 484
314 907
374 991
529 932
215 345
36 380
842 492
395 471
861 376
157 369
506 853
513 217
508 171
879 404
257 283
739 18
65 722
952 863
640 196
971 658
826 243
812 450
6 9
299 17
318 271
820 981
200 426
38 958
848 502
332 223
858 204
882 13
419 793
604 954
544 654
123 147
694 708
825 155
644 441
260 418
208 378
412 101
184 252
683 226
631 168
610 797
565 413
692 92
566 573
398 163
990 857
222 487
904 100
99 120
411 84
100 345
680 523
320 234
216 43
625 177
311 420
297 238
559 130
340 84
911 513
371 864
573 34
555 420
463 142
600 64
62 441
529 68
306 247
222 803
614 609
580 657
804 473
19 855
921 291
500 48
672 571
358 178
438 250
115 923
559 883
245 740
227 809
448 522
344 715
361 919
5 636
629 142
921 125
153 491
511 50
29 584
600 444
163 158
1 47
870 467
59 977
371 35
633 308
103 424
237 630
485 120
286 107
950 18
54 199
681 895
924 761
565 761
272 804
717 398
938 461
760 655
228 173
48 315
565 874
786 521
513 998
54 481
347 361
76 361
367 858
522 31
25 541
204 668
48 650
378 385
802 511
472 966
489 552
474 10
237 186
547 729
355 766
527 339
967 872
80 138
190 963
947 708
777 389
706 101
736 992
787 220
905 297
688 695
620 306
325 986
198 344
645 279
244 558
465 856
84 6
827 598
511 193
224 385
667 1
10 772
178 462
255 204
607 379
476 239
546 805
885 3
13 685
187 716
461 718
490 110
236 638
348 64
314 976
944 327
301 182
343 351
71 844
220 10
239 286
611 683
150 293
867 821
448 645
893 813
83 28
771 571
629 787
522 511
577 888
279 752
284 926
582 491
682 761
797 728
966 997
310 857
202 894
920 61
466 73
492 575
399 157
369 268
102 622
358 964
772 552
6 514
638 543
751 996
646 144
740 75
333 651
997 356
104 237
786 783
938 82
308 427
748 957
179 330
397 319
553 697
916 621
169 160
721 499
118 333
48 867
472 111
914 122
364 965
373 817
326 276
781 490
363 263
143 717
368 159
442 762
444 92
66 970
784 673
72 191
643 358
292 408
492 175
335 282
277 53
28 434
636 607
217 511
353 15
671 557
268 112
104 523
420 395
701 774
480 246
568 965
842 172
921 283
233 339
605 219
73 506
71 675
720 875
138 310
331 830
606 476
82 120
552 275
432 87
306 624
783 966
662 253
617 646
671 97
49 210
837 393
875 714
966 551
20 821
132 815
676 664
827 284
665 425
3 718
759 985
125 137
900 40
310 805
39 217
974 460
996 268
980 869
676 638
492 547
272 876
220 594
518 137
612 380
663 848
355 749
432 610
163 658
534 999
848 410
497 76
924 967
119 205
927 732
990 576
555 37
942 807
378 296
511 756
905 135
725 270
122 821
70 701
659 112
308 322
971 130
455 493
761 602
83 578
389 911
726 936
58 208
87 742
182 906
364 41
517 387
618 234
134 861
818 642
605 714
201 668
937 16
299 815
502 298
231 296
514 570
731 800
843 170
992 608
700 273
504 958
813 526
504 826
925 896
587 161
550 311
183 826
184 652
97 189
412 996
474 769
371 443
26 98
687 363
67 914
563 825
220 172
900 992
744 473
326 960
836 885
776 372
1 194
591 237
153 447
37 789
629 971
741 257
814 695
564 782
893 70
107 977
471 16
220 272
457 738
223 723
479 613
91 101
399 164
197 668
498 33
869 62
427 103
765 509
747 670
363 869
128 408
95 698
59 624
902 212
998 621
102 566
994 826
56 234
775 495
88 571
142 792
769 562
809 637
152 556
463 676
310 910
322 228
459 320
89 547
844 33
263 545
619 739
571 900
296 358
761 630
551 259
643 384
592 296
8 137
528 377
190 657
412 699
780 682
311 423
288 504
24 782
391 412
710 250
123 572
288 599
250 470
568 78
520 770
225 12
443 949
905 712
230 287
891 563
108 518
163 466
679 778
260 660
27 675
525 96
45 334
748 367
162 646
112 521
136 873
232 734
267 449
803 147
63 467
593 406
490 34
665 214
442 89
727 528
582 381
103 120
860 119
479 699
358 789
299 271
141 714
571 125
545 107
171 267
431 821
73 637
772 791
924 402
58 331
245 807
485 200
732 351
664 39
469 793
812 423
150 858
190 279
686 632
377 876
12 863
387 807
164 950
185 117
132 404
994 746
669 219
639 989
397 568
587 663
678 651
26 802
177 890
489 952
976 454
151 638
338 931
872 247
854 59
213 417
986 867
458 280
900 183
459 33
77 626
404 743
8 71
744 817
429 649
161 703
805 382
187 955
759 235
762 829
861 567
992 714
437 971
4 162
943 81
288 405
19 551
80 727
724 352
179 425
291 935
936 400
184 725
938 578
98 423
634 85
810 536
581 347
965 956
857 547
789 398
330 357
991 616
672 600
947 462
988 226
76 996
887 824
140 885
694 436
220 11
310 850
297 790
392 778
673 655
874 24
571 40
578 772
500 858
569 575
271 643
458 902
751 484
544 779
154 587
90 845
200 261
717 288
21 281
831 296
489 495
489 745
332 630
424 808
149 152
388 899
315 933
859 811
212 847
110 505
113 774
207 980
561 542
229 888
472 931
635 481
592 948
960 904
959 170
268 975
406 299
462 833
166 69
593 687
811 368
298 325
852 620
563 499
856 359
965 539
861 746
259 434
156 986
160 285
70 880
861 539
332 965
535 734
777 316
501 156
669 636
529 481
715 506
244 946
649 984
766 233
778 833
974 708
810 621
39 781
705 337
943 843
396 62
644 724
226 487
600 168
123 853
182 410
292 206
187 496
816 448
301 8
34 389
344 533
776 642
427 702
635 714
343 354
291 415
241 728
667 552
393 627
903 655
740 563
591 185
171 706
297 899
923 883
224 496
586 539
163 806
293 891
257 317
268 970
152 21
560 178
929 355
270 549
203 578
864 792
208 220
65 613
300 260
393 958
802 66
72 379
716 700
509 666
630 990
209 198
284 304
357 326
432 611
472 528
859 140
436 107
729 361
38 995
275 47
904 413
715 354
851 864
659 149
532 141
913 914
772 668
593 489
612 83
43 968
523 450
854 496
43 24
905 134
541 687
307 156
865 666
919 445
744 777
74 256
899 817
921 777
633 535
482 61
725 111
53 674
737 561
40 799
807 633
523 910
499 595
631 778
745 879
292 12
330 219
956 234
740 898
597 775
637 826
857 746
783 662
218 948
206 615
500 222
501 669
379 903
231 926
73 4
111 580
974 962
63 673
743 3
35 64
827 236
395 154
174 373
259 522
85 955
489 502
92 181
24 397
902 280
561 154
944 110
102 890
285 314
713 295
181 377
756 451
243 176
924 663
119 541
135 280
980 779
717 488
668 748
501 845
427 102
414 304
967 608
569 337
762 408
437 385
344 524
722 465
190 203
636 399
86 936
488 487
128 264
369 420
354 464
262 711
47 567
432 670
462 782
694 629
203 170
672 978
613 875
853 220
599 456
952 131
203 59
302 445
138 674
805 298
473 785
347 888
26 387
482 193
752 175
36 760
321 758
874 193
782 869
588 652
165 941
903 755
834 83
918 468
540 350
282 122
377 184
331 667
408 396
80 921
373 300
107 368
953 880
571 289
609 214
257 185
311 106
525 918
336 926
289 520
32 126
22 362
480 413
174 401
180 982
457 931
944 443
783 99
656 271
600 191
456 229
989 389
499 137
816 69
194 937
430 729
129 818
393 690
163 591
994 883
231 744
471 277
48 30
450 16
105 67
159 680
238 243
755 263
938 237
886 559
247 99
998 665
237 73
720 45
613 830
926 402
431 784
735 367
868 332
652 634
322 376
580 239
181 563
256 662
443 532
774 269
840 896
160 498
363 285
843 23
292 279
184 504
131 147
322 538
398 991
718 976
52 682
795 89
853 323
122 447
370 981
374 345
620 97
382 884
262 582
466 467
874 468
140 16
491 812
761 62
549 269
827 167
193 811
879 635
928 973
893 811
111 850
974 212
647 150
615 226
546 487
103 462
604 81
533 219
682 743
674 387
656 762
508 237
327 619
59 569
484 70
103 684
911 451
90 253
272 770
519 254
299 91
472 637
289 193
623 58
130 583
897 386
350 570
760 540
865 915
129 681
593 396
149 663
203 229
406 602
284 319
138 536
13 924
882 821
630 447
853 148
393 430
46 950
307 48
550 220
682 492
683 957
669 738
658 117
827 662
58 566
744 716
468 84
581 351
187 676
207 297
889 450
9 632
230 762
657 68
931 549
631 726
529 2
306 189
712 23
848 391
611 922
25 291
595 548
836 637
413 732
13 258
586 68
36 101
475 399
867 629
547 371
129 446
146 889
922 245
561 403
736 135
171 692
172 395
382 300
516 860
768 817
54 18
907 123
228 769
944 210
586 619
172 763
293 971
977 30
635 582
567 321
315 960
542 1
636 356
393 14
470 44
588 455
536 90
447 628
632 515
225 947
209 342
337 665
47 530
928 260
752 760
489 998
238 171
721 307
317 296
800 846
530 475
894 790
562 143
476 847
702 165
705 841
344 489
382 411
551 384
486 255
406 721
887 97
598 101
356 624
838 692
269 359
622 879
723 660
575 671
710 498
514 649
914 239
882 571
210 592
501 127
710 269
689 253
168 626
277 590
313 893
955 958
819 391
303 798
307 347
169 350
867 435
279 257
231 8
748 502
767 426
128 641
826 209
540 490
889 56
173 143
947 408
426 615
224 969
54 690
37 416
41 549
875 749
27 630
853 974
694 450
348 10
923 560
486 184
805 572
292 961
663 690
595 232
758 628
889 907
671 71
799 18
603 693
824 710
571 83
353 582
600 705
316 791
242 886
29 465
599 790
157 255
195 52
470 878
825 845
733 556
429 528
228 180
447 106
214 355
142 764
152 272
831 240
688 322
681 994
674 173
108 561
569 449
354 465
380 317
481 302
20 510
481 978
812 626
946 700
917 113
566 385
166 51
424 686
998 988
89 6
577 233
423 561
874 829
925 687
998 943
857 9
730 313
326 324
91 705
986 593
725 2
278 298
321 757
175 150
123 577
628 994
115 721
496 381
593 801
153 940
642 376
400 115
794 562
3 174
496 716
98 368
193 556
841 200
128 621
987 40
740 822
853 625
857 630
197 253
675 899
954 408
221 231
442 244
996 819
966 323
737 137
167 618
129 23
901 913
977 299
499 27
67 319
788 261
59 835
371 981
857 948
998 338
671 200
86 632
152 78
962 419
465 249
517 611
594 342
523 222
919 51
817 509
432 605
733 673
38 985
973 242
649 260
354 514
172 919
821 14
879 248
493 77
890 384
60 720
702 259
868 111
775 461
392 138
436 942
565 9
894 991
972 139
57 915
276 747
740 432
423 580
144 633
900 64
408 958
354 97
339 742
251 306
363 284
938 814
98 67
740 662
653 777
981 140
494 773
45 601
136 715
725 151
174 903
446 1000
677 20
553 30
644 867
691 919
108 531
175 283
676 348
473 703
883 688
41 835
300 909
672 747
214 914
328 305
645 744
84 854
951 488
993 146
482 665
874 247
89 873
222 719
660 509
408 54
546 484
162 509
186 503
668 823
399 854
564 704
51 815
358 665
654 922
822 8
56 983
254 990
310 860
737 480
426 329
279 493
234 554
932 943
423 36
741 57
299 90
946 915
405 481
124 45
77 929
150 983
355 835
655 894
94 572
702 319
668 507
612 2
617 261
290 605
661 570
43 895
986 837
217 987
787 140
899 582
139 973
194 272
506 46
667 908
648 85
139 858
605 967
620 273
667 448
340 24
72 662
932 687
36 817
213 100
772 141
277 553
155 133
696 415
753 658
683 747
795 469
50 36
326 825
722 849
488 644
386 750
898 73
574 103
367 751
177 56
949 682
938 925
92 397
918 255
921 137
478 678
562 173
712 770
992 114
629 835
206 44
244 487
138 308
875 719
399 431
236 771
359 655
612 906
671 243
966 949
167 784
314 324
958 613
775 81
100 373
561 205
300 375
998 282
967 745
659 584
141 865
699 859
647 411
392 405
751 39
256 356
609 586
594 286
970 285
212 877
820 707
380 171
626 143
879 195
497 65
522 978
81 258
462 897
856 952
85 330
603 133
554 323
416 883
366 349
60 664
152 723
248 936
618 586
733 842
235 725
471 546
610 618
100 315
8 434
445 195
528 825
804 926
959 583
218 463
494 624
958 387
667 73
375 311
268 723
222 414
922 624
100 638
653 704
356 704
69 521
120 559
265 912
468 105
732 718
108 176
770 943
519 808
922 786
185 154
136 643
69 299
396 77
142 409
834 434
457 73
311 354
993 399
875 111
454 366
923 277
598 657
845 668
883 537
508 3
598 380
524 951
871 72
818 340
358 101
127 808
93 968
757 353
903 333
375 738
380 660
128 863
805 571
534 491
591 238
738 526
595 235
408 255
603 692
250 852
159 370
987 277
629 968
708 473
985 884
552 613
989 464
224 726
495 264
579 477
427 88
194 869
600 992
547 827
380 88
329 986
414 891
309 84
833 602
685 729
102 565
858 191
290 675
26 973
941 896
638 602
934 331
186 995
119 67
825 987
527 488
325 704
143 499
327 118
574 909
441 535
446 256
32 52
711 268
716 102
900 109
514 763
23 383
117 320
754 531
682 308
444 7
598 352
990 14
444 246
652 435
980 32
800 390
748 68
93 153
684 988
332 55
338 288
11 650
395 811
343 593
491 834
554 556
629 104
620 797
241 900
760 360
651 459
227 813
746 839
983 534
876 454
188 886
976 704
926 722
818 459
124 582
31 10
604 472
435 937
292 998
321 229
150 396
153 408
474 954
431 833
92 155
539 273
594 53
543 508
110 371
310 881
224 754
940 216
413 120
362 512
863 992
976 780
762 575
461 332
446 224
637 211
589 80
241 290
319 963
468 527
51 609
473 439
328 622
682 837
919 656
208 964
134 476
172 551
821 190
75 308
61 761
522 893
869 642
642 37
394 712
677 479
860 843
517 38
866 392
260 17
428 991
412 500
791 696
969 232
861 564
808 416
667 487
995 978
763 350
1000 636
231 284
378 944
537 791
293 137
187 666
528 762
562 322
691 26
16 354
731 877
145 386
813 595
481 42
62 729
637 783
799 512
654 317
849 775
315 175
740 836
211 110
174 419
359 158
457 146
926 556
123 827
484 392
331 790
446 707
374 1000
591 49
520 750
506 54
279 671
582 348
620 551
95 693
141 666
955 202
210 383
665 465
336 297
924 682
559 949
854 559
966 985
241 492
862 798
3 871
860 24
962 388
820 538
983 126
529 363
548 521
823 657
312 305
898 712
318 459
946 912
917 79
323 339
863 597
114 84
133 990
485 459
346 899
754 4
243 569
562 851
801 221
70 570
609 888
631 255
798 738
504 725
191 543
86 291
491 305
258 530
47 188
929 595
344 45
882 533
496 472
95 192
903 791
634 146
687 908
212 492
359 335
822 877
52 661
201 885
997 807
75 796
916 830
26 360
724 391
411 318
74 92
865 319
858 447
369 648
247 683
73 156
814 552
858 979
527 698
803 809
879 955
737 982
75 715
323 725
438 166
738 504
448 172
651 275
500 923
638 129
922 774
14 773
760 853
917 444
77 431
115 196
68 791
211 729
931 240
292 574
427 849
345 760
58 223
224 715
252 153
896 151
882 256
811 772
595 925
390 129
410 835
698 414
275 451
336 51
579 113
356 62
836 352
894 570
458 746
901 428
540 636
319 795
216 536
52 134
366 354
117 984
542 289
964 595
415 873
786 879
329 744
904 254
504 642
800 959
271 963
108 380
381 784
293 414
757 665
424 323
834 146
728 401
864 589
1 975
751 587
265 27
351 825
544 35
215 966
145 40
917 826
790 568
98 8
445 277
142 495
403 769
499 596
61 229
708 854
1000 963
16 426
740 909
857 751
296 857
689 998
528 420
378 573
127 858
365 117
2 23
644 602
222 618
776 722
525 457
379 777
897 866
400 838
475 282
956 459
353 890
7 411
770 148
570 325
453 463
914 851
884 101
81 784
281 374
860 30
183 363
137 663
376 931
655 765
50 668
823 827
202 803
64 768
543 424
727 223
679 995
181 247
275 366
708 248
160 684
220 562
208 74
791 654
716 306
150 924
483 209
13 704
351 55
402 57
554 488
710 831
406 913
616 117
464 258
485 660
201 349
238 935
565 798
963 518
87 646
950 768
97 898
100 531
412 695
786 388
1 836
753 895
539 196
334 960
724 328
536 957
148 780
713 957
156 121
492 256
69 270
951 736
68 139
681 388
779 563
1000 846
452 809
474 993
914 514
79 74
173 241
308 300
433 76
343 705
804 85
127 894
476 38
663 498
461 694
707 674
10 478
339 358
552 405
253 946
229 315
103 342
401 996
310 84
771 962
828 657
153 415
337 158
764 535
90 962
91 423
456 232
55 256
573 707
263 311
984 830
345 560
362 766
346 545
497 861
101 83
45 192
185 8
943 497
441 118
24 138
834 743
690 835
268 655
947 557
750 418
932 875
475 704
795 609
673 13
52 126
750 13
882 399
590 506
313 398
321 107
375 472
329 672
352 632
807 847
406 556
743 845
194 266
485 793
821 863
236 145
481 324
829 356
21 523
965 612
39 519
908 964
654 224
268 363
145 496
238 669
762 27
869 837
869 772
75 960
793 557
758 71
205 112
300 555
951 571
157 942
377 232
179 862
163 357
336 863
79 953
253 723
448 845
358 192
870 354
262 506
362 30
344 573
110 720
183 28
420 370
956 284
597 542
11 919
638 362
77 394
991 778
681 7
710 326
182 79
76 710
186 2
868 634
725 991
137 606
899 206
391 977
488 870
785 654
324 687
93 721
918 930
703 648
834 553
500 725
765 95
54 336
73 541
699 817
99 541
797 324
105 140
453 842
111 162
100 433
526 685
877 679
454 760
769 348
555 175
960 797
119 228
217 659
927 743
588 301
945 616
392 168
467 748
553 531
881 398
252 681
215 535
734 765
482 418
982 511
160 418
325 552
458 139
425 66
999 600
467 443
572 494
22 907
683 975
724 273
658 131
236 411
53 763
540 227
463 220
174 929
212 92
718 674
439 327
895 339
785 81
634 117
620 64
412 925
715 732
273 392
793 698
315 202
338 233
139 280
430 233
362 227
590 523
495 973
79 2
483 909
615 972
376 59
710 992
949 680
487 345
257 230
538 17
616 965
642 243
37 747
77 430
304 22
72 50
346 433
917 44
168 741
154 568
148 94
279 896
964 152
587 847
399 335
973 86
782 112
884 343
812 468
523 139
372 611
871 635
566 239
417 36
712 303
587 941
949 14
401 488
185 516
613 913
569 800
580 446
806 301
75 366
596 836
904 192
269 386
398 94
91 984
421 199
333 571
643 538
274 427
661 717
355 172
817 967
731 537
236 217
53 573
353 467
298 436
156 826
9 967
655 272
476 543
792 464
259 35
748 211
586 306
89 378
198 52
201 784
973 990
80 659
661 684
876 175
914 396
554 935
810 956
346 640
413 930
165 663
900 606
886 355
335 27
877 19
867 658
10 571
638 339
968 315
469 978
788 526
534 126
504 74
22 322
561 444
141 592
355 461
110 635
719 935
866 569
888 97
119 763
298 610
339 427
162 432
698 238
475 59
537 36
441 383
295 364
957 863
63 784
29 640
620 767
722 12
107 980
422 981
110 341
523 38
82 266
967 719
860 317
937 776
595 952
302 922
289 29
109 372
937 665
635 980
758 372
158 361
329 937
254 758
347 432
699 583
5 218
557 541
118 215
427 412
100 175
318 226
826 561
167 459
236 174
950 918
133 344
65 50
856 291
263 965
929 681
252 576
36 661
255 474
832 476
602 762
677 236
705 243
687 71
767 277
855 470
127 138
454 430
240 998
776 258
779 933
961 794
30 575
841 380
464 857
40 29
98 271
465 528
248 352
121 840
66 721
508 658
572 107
248 207
567 647
528 385
50 893
73 36
495 773
206 328
23 914
318 774
64 673
447 614
819 563
215 394
92 119
290 806
93 859
721 658
49 699
710 714
949 898
732 54
608 12
812 126
817 272
485 98
769 85
55 688
929 303
876 900
99 625
744 378
743 285
717 25
275 506
378 395
66 689
893 312
779 102
109 489
200 603
310 512
962 243
928 335
786 805
41 882
797 163
658 363
843 813
757 687
21 821
687 660
504 699
449 206
657 929
743 343
914 16
152 811
619 595
481 334
371 143
877 296
400 180
184 619
757 882
608 404
773 526
780 286
641 992
749 639
280 520
942 510
525 46
505 275
468 567
418 682
550 707
275 783
628 743
934 610
427 568
68 318
624 326
510 111
594 866
336 638
153 88
851 49
340 554
107 737
902 837
555 853
242 584
443 291
253 72
589 558
686 332
382 4
289 778
664 874
681 972
916 708
855 476
361 136
239 107
332 831
354 707
673 861
266 413
983 623
751 12
789 815
479 969
624 532
930 463
492 580
437 453
5 129
17 563
200 631
592 937
506 881
169 904
395 229
540 649
616 63
778 274
274 833
569 111
218 327
990 761
385 884
725 372
212 665
393 321
826 745
991 209
260 247
706 67
303 179
711 214
201 537
82 780
147 671
513 619
886 856
243 966
1000 715
433 638
130 694
937 62
481 362
834 430
702 923
50 80
268 415
469 618
745 775
62 763
766 623
779 414
18 517
93 223
25 295
157 802
582 13
254 466
918 3
810 648
637 627
250 605
736 300
850 220
533 793
59 942
488 865
760 17
922 352
542 585
618 211
956 756
186 39
993 925
741 279
244 273
561 113
232 313
910 860
158 961
115 484
405 872
119 564
764 975
711 848
358 696
343 204
181 145
347 137
951 852
355 642
108 954
417 59
971 636
590 230
811 151
806 398
474 175
886 760
981 194
194 62
655 257
427 428
378 306
252 351
604 740
716 494
826 538
579 830
339 581
449 5
433 696
548 995
790 732
256 675
187 905
829 314
77 565
649 140
817 251
564 57
503 511
279 872
381 927
230 576
550 114
867 167
986 582
240 108
893 118
944 874
924 304
800 270
37 249
83 279
926 825
197 483
169 322
602 936
948 732
236 670
218 945
455 956
896 149
850 414
575 863
690 55
858 949
282 254
755 551
420 292
115 900
704 231
153 103
7 260
524 946
567 844
399 750
201 339
76 809
718 456
906 766
547 224
577 462
589 613
720 732
556 370
971 941
20 983
718 234
821 736
965 435
694 147
682 699
438 349
367 105
684 93
420 15
983 179
324 348
590 83
685 837
826 712
52 326
933 731
973 202
78 406
155 944
781 791
358 902
59 508
860 604
347 435
740 186
160 158
108 700
859 284
181 824
184 20
475 535
771 1
659 37
780 308
350 784
226 770
99 16
726 95
618 828
621 395
308 836
990 832
203 62
89 443
507 185
550 401
4 180
18 485
170 223
856 467
365 623
661 962
238 56
891 763
763 292
467 227
969 677
234 765
790 437
979 380
546 937
975 171
981 470
273 511
650 238
153 801
217 792
399 812
678 489
112 432
122 593
791 202
576 22
244 149
482 542
927 282
420 667
154 812
23 514
963 479
619 353
802 963
803 102
200 49
590 866
718 343
722 106
371 40
984 913
324 402
902 505
387 860
580 227
16 626
989 561
663 944
744 492
228 197
409 549
12 710
108 883
996 194
983 452
226 597
78 498
592 75
686 749
587 628
203 879
777 172
416 20
454 956
716 423
428 843
568 150
416 899
569 195
401 209
666 879
801 244
271 310
44 729
166 162
517 202
981 39
178 788
431 58
217 202
457 347
772 6
166 317
98 95
777 360
139 643
636 963
657 194
990 94
848 563
689 753
173 416
47 507
252 843
182 662
274 549
573 95
960 12
785 183
951 710
255 245
828 115
336 849
26 53
615 853
871 431
664 687
137 785
163 156
606 827
743 129
210 88
248 91
250 681
414 342
422 955
728 399
611 720
606 463
466 129
818 391
361 254
141 744
566 711
495 111
225 607
725 846
941 257
600 701
747 574
361 143
473 70
849 226
26 853
65 659
10 52
195 496
622 425
859 9
988 723
692 662
55 516
423 32
150 888
337 807
525 804
765 447
843 541
418 416
493 156
664 440
595 736
729 942
63 414
138 803
835 27
638 518
713 685
18 269
826 404
777 200
651 739
502 773
341 137
394 30
180 9
553 529
610 578
868 158
506 443
749 141
513 631
349 799
402 142
759 84
464 603
28 116
104 498
485 827
624 761
911 819
830 161
467 445
766 803
662 622
311 628
204 996
743 593
869 790
196 916
32 861
469 504
805 126
562 357
106 953
568 750
168 28
448 828
639 230
487 117
31 578
326 829
473 671
865 173
996 913
117 200
580 720
672 523
396 395
842 215
989 4
872 814
465 744
605 212
384 370
483 796
555 486
31 62
179 218
914 874
239 315
742 422
479 902
239 567
742 49
176 210
197 612
556 18
370 152
711 851
622 474
125 130
403 138
314 307
388 990
552 939
595 527
262 834
743 283
988 550
555 141
316 671
423 853
426 75
65 921
803 971
330 559
369 3
425 369
83 877
59 612
212 591
731 381
19 169
973 408
795 984
857 646
796 439
28 41
485 718
948 234
569 251
477 114
441 616
354 155
9 812
839 384
280 293
53 571
904 684
460 531
27 144
923 344
672 107
840 989
964 899
797 393
986 583
352 535
615 558
999 205
553 457
560 377
596 361
889 481
320 766
430 41
877 384
952 553
830 526
928 509
532 924
202 283
168 135
405 358
154 166
965 126
197 4
126 186
974 964
331 834
228 994
176 769
213 264
552 444
699 447
426 713
776 676
907 138
339 316
250 737
125 467
181 417
788 767
719 217
376 10
611 992
798 304
140 650
515 494
777 763
592 911
997 912
500 664
856 82
479 610
155 808
284 588
971 363
487 771
807 352
240 511
630 909
928 583
820 989
712 254
659 473
470 487
497 144
222 585
102 553
596 884
678 614
570 887
459 220
189 427
119 174
303 423
765 728
233 575
510 941
95 833
298 229
264 941
912 873
14 217
87 445
329 649
425 254
65 135
247 187
85 76
855 952
769 981
554 69
866 339
578 95
274 284
39 540
529 966
136 325
908 547
70 946
435 211
844 653
627 807
645 332
299 768
729 251
200 854
758 126
447 829
749 104
895 179
201 899
843 476
577 296
187 198
581 352
543 872
606 973
109 651
500 56
746 816
837 135
840 437
135 30
128 529
217 82
793 993
926 583
893 656
840 260
604 293
89 784
571 148
366 528
741 588
620 528
228 529
983 899
529 632
877 233
167 758
261 637
564 890
820 484
710 712
271 692
224 775
408 78
985 852
106 343
785 816
716 540
771 741
314 376
299 228
462 688
67 64
293 910
185 13
3 924
78 320
488 442
623 44
879 150
807 149
795 757
336 254
744 600
437 272
845 435
459 248
354 398
964 519
324 998
520 78
901 114
189 288
121 738
454 972
132 64
830 59
246 418
288 206
531 122
880 296
700 515
937 183
131 264
79 582
425 107
451 999
213 140
621 255
936 377
972 367
299 174
423 673
505 806
763 338
910 141
14 326
41 996
93 471
592 410
23 12
531 457
292 499
495 724
667 25
45 741
652 339
46 198
302 44
863 237
126 272
330 285
867 462
893 594
183 1000
41 983
461 710
962 440
767 254
658 606
281 17
84 706
267 482
732 758
141 517
615 139
673 640
965 360
567 36
91 279
51 901
675 223
248 892
6 175
85 750
326 131
796 844
179 783
608 153
647 434
67 14
696 556
548 565
822 188
55 519
497 207
603 448
285 30
747 863
109 314
460 36
812 273
81 281
815 658
963 903
674 238
878 118
518 455
961 378
320 622
105 572
587 736
944 834
742 688
29 315
690 791
53 437
386 520
80 509
265 669
826 870
702 441
316 824
373 825
563 361
680 119
678 106
537 838
437 808
277 707
830 817
544 138
911 168
71 343
22 889
904 770
687 121
834 479
81 766
89 652
588 722
314 555
520 882
358 935
818 75
88 340
697 830
903 582
245 386
802 695
801 1000
269 658
58 679
165 577
97 395
262 485
376 62
768 634
539 716
241 832
121 494
395 85
839 662
239 314
385 95
866 528
885 500
542 591
157 499
175 894
396 633
143 770
918 361
689 442
673 541
976 938
206 979
12 944
724 215
105 220
68 976
768 934
38 568
685 863
154 729
341 985
768 85
533 475
332 172
205 186
280 367
7 900
582 888
252 123
53 70
490 77
592 919
129 655
869 373
997 384
378 304
288 40
368 326
494 394
930 586
844 388
222 496
60 507
591 905
962 803
271 994
834 238
321 961
41 282
821 916
273 102
792 646
282 988
726 787
25 43
888 970
886 213
580 896
544 150
374 505
307 304
435 359
774 992
829 139
463 189
818 924
451 733
678 368
554 930
353 35
969 489
272 87
993 499
981 945
687 373
189 200
611 525
797 852
338 770
887 840
418 835
633 182
444 531
443 523
178 859
353 743
847 159
689 85
701 306
845 42
280 62
483 537
64 917
376 935
263 968
711 162
872 711
10 122
671 355
508 19
57 445
36 618
318 308
46 775
363 861
398 364
570 133
238 111
480 931
816 781
212 910
181 917
247 999
377 954
319 827
358 791
307 803
215 762
255 953
644 418
787 90
91 569
593 744
979 449
692 212
964 849
298 407
916 771
313 818
478 148
540 183
134 960
729 250
912 310
329 196
457 415
905 615
191 902
387 81
658 857
326 235
454 316
457 104
258 75
704 39
923 327
852 103
746 686
412 960
966 411
270 559
326 890
667 858
139 293
988 110
514 171
715 630
75 663
776 754
887 812
672 931
768 546
92 114
119 811
780 185
806 953
550 791
862 52
828 685
225 448
98 846
492 814
586 730
499 142
519 167
360 328
950 491
285 392
68 808
307 752
920 89
108 205
872 434
233 760
967 573
403 50
560 351
299 103
446 116
29 52
587 630
894 630
55 960
811 110
528 709
959 190
919 105
599 135
565 19
87 467
592 95
976 446
904 299
796 329
394 757
950 966
679 188
811 268
115 572
194 262
276 828
291 736
130 574
256 877
994 289
886 883
924 84
726 1000
912 372
490 512
752 371
588 969
184 511
666 527
204 962
708 342
374 438
288 868
865 421
633 833
541 590
744 614
109 588
439 383
23 124
818 932
1000 799
801 850
197 441
153 235
41 837
264 802
379 983
465 642
727 750
27 564
162 277
254 151
771 917
96 17
101 256
447 276
709 193
158 857
984 960
806 933
898 304
681 928
756 108
393 680
323 939
966 579
195 680
773 239
594 18
78 131
523 18
698 562
559 944
211 542
859 922
551 960
383 804
920 6
884 383
759 637
372 523
746 376
52 393
509 654
551 806
384 754
938 313
815 669
284 347
155 367
195 272
507 2
311 946
111 396
721 200
27 906
104 214
116 40
364 792
350 863
117 624
16 193
644 265
222 277
243 858
32 113
886 923
325 532
915 310
518 625
372 191
264 324
818 663
132 963
52 739
877 7
710 280
785 119
177 447
221 357
520 228
98 464
904 771
803 95
340 405
568 824
727 940
675 721
412 921
914 567
2 157
130 70
3 236
866 860
650 785
655 91
86 677
854 492
442 199
975 83
2 959
812 937
774 577
776 650
690 368
449 799
314 108
301 802
395 421
201 406
76 742
264 170
774 355
194 698
499 217
893 953
13 581
538 686
707 813
375 939
391 838
128 6
403 140
941 756
232 218
714 948
944 81
253 316
186 759
228 110
546 87
582 889
142 666
695 570
259 986
575 192
318 123
817 648
184 123
679 247
858 484
320 506
964 751
344 496
90 284
915 485
677 246
496 27
795 843
942 526
304 942
800 35
723 613
583 1000
674 580
201 570
473 829
791 767
692 864
565 414
96 279
166 379
773 399
355 398
838 329
514 563
108 174
71 314
952 956
224 467
810 422
80 663
197 374
840 701
879 772
782 586
232 973
212 227
509 794
624 163
736 493
476 168
131 799
923 49
425 638
762 305
637 931
103 75
58 178
145 623
97 406
280 754
391 230
231 999
125 352
988 790
823 227
594 809
995 97
82 85
892 789
414 428
804 276
186 87
8 616
515 464
958 696
836 28
506 859
214 408
287 708
290 104
58 252
10 123
690 969
513 64
252 689
656 600
209 137
67 247
781 788
509 551
147 28
959 133
781 869
673 100
782 390
747 951
649 893
661 523
76 93
668 313
166 133
264 943
673 469
803 886
218 314
791 573
603 3
544 358
122 862
583 831
344 460
308 303
113 177
991 42
408 937
886 788
873 655
357 370
333 275
808 458
94 171
259 498
226 99
852 787
303 997
217 284
680 644
74 447
847 536
596 280
669 596
566 964
296 28
904 731
300 572
136 677
563 126
819 488
205 936
53 928
936 76
832 747
763 519
488 691
842 154
674 234
903 393
524 962
249 894
362 39
326 906
300 241
410 337
340 530
470 705
650 523
38 845
524 32
374 817
893 799
755 802
405 203
334 163
962 664
443 859
698 142
491 644
438 397
612 584
402 962
475 904
969 30
65 692
48 422
360 472
142 560
417 119
776 725
851 171
670 10
211 867
68 696
698 339
972 854
637 534
262 776
285 169
640 472
100 248
427 344
431 368
324 992
146 384
275 220
846 613
601 806
216 324
948 61
952 56
57 916
496 212
503 307
113 349
848 776
79 576
388 379
100 941
284 824
654 122
123 260
387 581
904 921
891 795
566 817
854 793
922 805
805 540
949 571
508 835
970 120
737 851
136 976
12 67
804 487
566 680
442 288
767 803
900 929
542 710
289 556
931 77
166 990
723 495
889 987
818 489
837 411
803 7
148 208
465 60
30 148
177 320
513 238
718 33
675 7
82 319
785 786
777 898
445 756
392 480
154 707
266 409
807 298
590 142
41 9
955 543
974 361
890 876
561 900
925 187
926 140
553 884
788 245
864 595
354 545
336 220
636 463
474 297
893 472
967 945
130 846
249 351
441 887
392 173
584 705
948 305
366 315
556 671
282 548
355 38
906 442
502 907
692 111
455 3
191 517
809 862
424 508
778 963
838 723
164 269
350 9
667 473
596 481
500 446
62 413
635 333
853 510
462 371
658 252
634 15
692 931
173 274
28 571
796 218
560 656
957 370
290 416
139 287
678 249
420 268
477 301
996 867
297 607
119 972
909 832
859 573
309 532
348 62
591 98
452 426
709 754
891 755
452 12
642 204
997 744
448 763
4 595
918 976
479 762
405 771
278 627
980 649
394 20
859 840
570 397
43 263
717 507
423 112
392 412
474 56
565 936
622 315
848 265
608 389
935 106
869 482
427 275
601 636
358 873
911 205
753 265
238 179
173 912
686 923
435 201
817 792
107 49
52 51
769 605
502 919
194 476
434 335
472 166
109 739
38 85
518 707
886 777
338 755
618 855
118 894
164 395
876 22
938 862
351 807
647 890
446 585
447 230
10 992
192 963
691 43
714 840
507 730
165 944
442 339
943 129
801 680
749 690
182 605
330 192
101 643
728 979
715 767
588 583
790 143
149 765
331 758
996 944
188 853
245 356
893 536
182 383
384 418
827 886
135 847
391 225
931 948
589 656
992 166
634 743
968 399
72 196
239 344
296 524
690 740
274 804
894 412
326 728
20 979
152 203
542 824
444 883
615 932
894 495
383 878
561 226
176 320
506 971
677 992
470 870
404 336
834 669
411 628
775 739
627 462
845 59
792 185
171 84
46 884
254 763
458 520
777 180
264 961
617 309
47 574
429 419
893 384
697 109
743 982
134 634
969 872
929 834
15 141
18 227
899 630
332 263
902 337
264 63
194 288
886 898
221 537
584 571
583 975
344 124
643 394
971 41
172 997
293 13
134 823
726 829
529 279
530 104
606 263
170 619
97 341
306 27
519 773
41 222
945 432
356 961
29 484
605 454
535 511
576 244
353 77
192 205
417 744
254 415
102 211
49 421
966 296
668 224
79 193
463 294
791 656
456 48
129 510
709 235
432 9
128 818
25 174
319 308
985 808
729 854
513 129
254 859
889 536
675 36
251 563
68 923
642 982
438 317
422 662
205 30
722 136
299 217
10 28
357 419
30 91
552 983
384 889
774 74
726 435
410 901
486 581
289 60
71 912
792 149
920 970
170 233
354 538
213 341
251 910
609 996
557 636
54 96
747 914
622 98
887 376
449 80
277 970
304 807
591 978
5 475
136 6
986 792
329 571
717 600
387 151
170 301
479 293
778 556
763 230
565 420
605 663
715 123
104 788
170 700
326 456
614 794
35 630
350 445
300 726
5 526
448 165
526 416
782 846
822 779
235 111
865 276
930 876
204 674
616 674
926 885
417 795
254 296
348 821
572 602
922 964
857 553
934 615
68 315
433 98
896 582
110 730
1 358
150 757
257 156
576 510
102 78
429 502
845 558
992 110
495 149
758 517
746 53
619 321
54 924
238 393
149 120
99 805
483 706
216 967
125 9
487 614
453 530
959 280
906 916
450 312
342 266
270 599
988 824
55 659
333 461
355 621
764 791
582 640
162 215
293 943
523 242
569 400
879 183
402 857
537 630
578 734
560 381
411 685
596 459
53 144
312 22
555 50
993 738
446 481
912 805
895 722
860 695
17 795
778 478
636 174
179 343
198 401
234 982
290 964
773 937
497 264
761 587
781 398
394 870
14 7
677 333
326 373
436 477
60 321
278 392
359 759
855 722
951 915
623 630
348 580
98 127
264 469
17 3
153 963
335 495
134 910
619 848
732 657
553 98
349 223
867 414
904 660
85 651
800 453
178 489
895 116
571 386
936 5
738 145
22 94
762 283
563 806
547 493
127 943
419 126
112 508
334 335
534 84
58 277
849 518
739 944
763 812
529 948
489 119
822 339
936 946
439 769
816 183
412 886
506 837
328 785
993 86
234 882
993 513
958 621
109 390
390 233
160 570
323 22
813 323
8 638
264 712
357 507
983 27
733 624
437 435
630 980
258 774
725 576
637 148
485 391
158 375
20 716
284 441
656 780
492 308
75 356
898 969
759 278
303 380
40 604
189 357
112 634
527 13
621 418
824 60
56 422
938 972
874 974
670 543
412 315
625 48
98 144
562 547
834 284
999 634
53 680
790 563
60 212
67 718
299 792
822 832
179 254
183 670
816 285
783 182
875 214
853 232
495 521
331 536
39 811
408 523
596 228
83 395
653 43
378 725
879 887
329 15
741 882
740 795
390 766
211 47
895 505
71 747
148 452
153 106
500 87
729 607
569 818
70 417
716 144
827 230
614 128
244 92
618 161
196 479
733 144
16 938
504 761
336 714
984 954
306 666
76 516
662 263
613 744
737 272
177 655
332 554
271 717
699 782
93 531
149 289
902 417
491 277
121 858
360 510
39 246
212 794
484 7
945 531
643 928
806 604
661 311
848 482
976 183
769 58
824 267
631 831
312 95
220 952
593 434
351 326
473 460
539 657
939 219
601 968
449 75
964 702
875 427
808 686
825 272
536 861
983 202
955 917
173 540
749 81
71 101
695 943
397 461
18 898
471 828
403 580
20 958
562 711
834 352
321 851
387 88
830 972
155 212
46 613
726 685
322 703
931 535
749 260
584 12
952 602
80 885
821 289
231 214
255 220
991 744
960 84
580 645
145 478
176 707
448 888
430 184
801 804
880 859
639 419
720 444
600 362
339 254
432 300
175 620
433 69
611 554
905 983
620 932
269 552
989 249
702 914
684 649
686 565
558 257
985 815
513 128
828 543
958 602
119 586
50 699
841 668
935 382
591 488
677 8
906 64
582 677
696 532
980 991
195 424
161 8
237 797
630 796
811 210
259 227
1000 25
138 776
408 540
177 998
973 378
721 225
267 757
769 619
596 890
817 807
695 770
321 29
330 837
94 250
421 106
938 900
481 727
479 292
620 294
88 943
658 7
535 719
882 745
116 674
740 671
814 386
27 92
285 668
566 823
201 833
167 209
925 940
551 245
236 317
653 994
467 115
838 38
72 577
970 102
497 600
274 945
314 642
261 921
781 434
763 549
103 60
586 86
399 783
715 646
921 267
746 784
283 562
267 393
36 218
295 639
336 628
162 272
233 406
315 498
233 157
877 775
91 363
148 210
776 975
444 837
599 755
376 883
910 842
270 677
384 56
171 352
148 453
245 927
472 737
474 435
882 276
234 868
190 431
500 579
409 582
980 853
587 809
287 559
200 415
789 809
51 724
158 280
824 340
787 328
551 803
539 827
976 127
446 396
998 996
65 944
377 902
599 55
730 898
802 279
877 817
937 612
687 592
122 946
484 829
69 873
492 352
627 679
204 172
725 382
466 667
139 161
626 469
652 853
996 544
284 235
416 787
754 369
667 298
364 842
804 577
740 691
501 97
504 955
696 313
697 608
757 848
773 731
670 877
966 196
255 7
463 74
377 141
514 332
218 935
97 30
813 704
525 365
448 928
729 465
253 915
589 793
813 124
684 563
101 591
743 16
488 540
515 219
111 666
673 681
756 173
225 291
118 598
690 367
141 549
514 1
591 29
168 605
900 790
361 69
909 544
343 484
296 329
366 959
653 664
271 772
741 273
82 595
255 351
361 221
163 979
935 689
865 767
394 229
677 970
879 500
599 19
276 129
579 488
15 356
213 606
759 755
206 753
579 121
294 372
441 800
679 99
484 721
35 651
363 544
368 378
139 879
482 494
450 880
144 555
4 79
830 247
522 652
339 568
907 890
655 488
715 181
787 800
570 656
75 210
430 336
697 531
94 93
611 117
343 407
979 505
9 561
69 129
607 925
916 889
992 636
762 90
447 772
193 429
805 238
878 940
292 364
519 944
630 93
220 705
84 945
892 856
399 982
435 521
183 959
535 74
72 494
6 668
429 27
982 841
292 789
921 195
780 2
470 696
988 189
770 488
752 59
971 641
799 119
250 746
894 51
201 294
292 971
702 838
847 155
899 198
304 41
451 170
508 329
180 375
87 901
267 780
695 196
437 244
116 548
536 455
836 430
82 660
159 411
401 675
704 808
205 228
138 130
