1000 9879
925 870
177 616
911 269
808 994
895 621
778 498
205 809
860 602
937 531
521 300
952 338
798 75
65 888
295 61
985 319
878 958
789 579
39 420
5 84
601 975
32 478
469 7
125 741
734 557
471 985
754 215
891 186
174 548
691 762
319 517
198 478
130 598
717 946
957 131
5 374
298 256
820 397
680 760
490 334
913 860
83 731
51 121
457 306
494 887
475 665
451 812
912 298
966 253
768 164
169 279
580 887
966 12
425 522
723 777
857 548
301 419
582 60
783 767
187 452
73 45
699 353
750 316
63 718
942 199
157 661
28 771
177 127
710 803
549 495
440 919
348 224
439 219
956 487
154 857
980 493
675 89
641 345
733 243
872 521
102 898
682 758
510 423
370 330
195 141
160 190
397 45
746 256
876 899
561 925
928 632
860 399
953 27
693 547
155 553
137 486
470 98
551 143
228 432
446 459
456 511
76 124
294 15
117 920
144 760
403 645
422 163
61 865
905 203
655 435
716 131
772 125
942 917
670 596
840 907
916 956
800 958
283 457
964 960
189 136
957 393
409 403
999 699
594 680
683 761
925 496
741 824
279 323
603 615
853 682
12 126
141 350
491 793
799 958
610 433
224 252
483 921
399 703
681 650
166 834
922 228
627 524
824 938
390 481
484 388
374 880
552 264
560 819
784 427
953 484
935 652
74 26
224 824
375 963
216 888
261 382
859 823
803 759
937 841
989 640
756 701
439 908
515 697
445 610
601 756
928 388
985 597
928 499
394 844
693 61
587 534
824 196
492 466
170 90
762 528
768 283
95 900
441 741
268 594
226 964
618 894
128 111
844 492
166 192
829 384
818 659
377 449
397 20
120 372
40 815
984 70
969 662
370 925
900 332
45 691
541 558
965 866
438 289
287 394
738 60
577 378
101 876
88 345
218 932
917 624
974 579
603 324
406 255
27 758
546 858
620 207
73 20
200 337
567 865
932 418
892 670
483 770
615 608
864 71
591 431
756 221
442 37
359 692
101 288
907 245
211 736
448 766
892 805
704 559
229 460
836 36
285 298
345 711
110 321
318 690
559 848
29 805
964 128
731 183
234 485
271 792
309 469
914 106
137 348
104 905
195 466
68 876
876 971
699 962
721 14
629 653
833 628
209 306
356 39
319 957
266 267
99 287
194 57
149 643
800 602
350 940
692 479
341 183
793 19
237 6
455 83
937 464
352 848
952 400
117 592
866 912
170 336
571 627
268 709
584 990
87 757
40 892
458 215
540 57
355 293
766 833
291 525
383 147
365 388
791 872
113 199
558 589
460 664
482 160
468 115
822 838
259 184
408 670
374 365
269 975
99 174
135 938
104 70
150 23
800 483
842 98
685 472
922 58
301 463
947 485
966 451
179 527
241 918
862 752
738 290
546 721
233 314
629 248
680 375
721 541
168 427
193 163
599 596
879 708
81 783
449 427
656 287
965 299
702 726
25 832
555 432
662 500
426 356
219 599
564 642
253 363
208 889
43 245
225 778
997 124
637 197
414 876
272 837
540 554
525 870
277 740
989 889
497 27
208 978
336 167
715 802
251 84
949 411
643 832
351 465
62 28
653 304
808 656
739 888
868 348
924 222
198 479
436 480
719 52
866 365
169 235
395 665
412 281
568 479
952 894
365 471
682 427
863 441
360 745
52 679
71 133
917 869
365 616
459 751
334 969
799 641
800 289
70 967
92 43
808 236
899 55
684 839
109 756
704 60
282 78
799 423
529 199
452 786
642 510
112 439
519 548
965 383
631 512
444 494
778 975
465 298
896 492
163 63
970 693
594 777
228 543
237 727
241 668
37 683
168 534
189 916
685 111
18 959
293 854
37 828
820 438
798 161
189 886
944 149
968 795
474 76
65 569
997 144
545 375
513 977
879 156
853 15
668 635
906 160
627 348
23 707
741 236
375 34
393 766
167 278
597 429
360 920
151 994
985 226
545 179
964 803
861 665
203 467
192 864
416 888
403 610
944 858
943 100
485 994
52 692
791 912
995 813
762 32
639 378
586 370
934 952
719 434
900 760
259 240
813 585
101 887
690 148
545 767
658 950
92 670
173 187
763 551
50 134
662 897
651 400
211 489
488 546
112 998
253 894
79 166
232 551
199 761
434 523
533 781
898 154
42 808
115 242
278 760
375 700
706 658
880 694
814 649
987 343
343 897
665 479
137 726
48 503
795 383
381 365
318 358
727 158
786 716
842 848
827 906
404 267
651 826
446 138
488 412
161 42
513 829
843 530
608 509
411 686
621 665
34 651
346 905
590 428
219 710
170 91
448 157
961 380
744 124
567 617
89 169
108 643
928 594
834 21
431 385
496 244
160 443
658 470
389 558
796 691
611 91
280 571
577 95
635 905
84 185
754 825
326 10
572 342
633 544
633 864
465 950
743 479
981 294
451 147
731 835
364 360
224 443
666 270
801 821
542 424
292 108
192 264
315 226
323 590
179 562
642 422
24 625
576 430
840 822
577 667
154 252
287 56
715 565
405 45
278 789
814 971
529 937
469 950
974 141
741 654
79 299
871 831
943 658
499 49
159 131
21 110
573 657
561 105
738 344
590 972
457 752
333 29
206 981
264 636
998 273
954 637
548 448
641 162
422 733
224 692
759 604
206 836
262 938
428 454
232 223
765 491
894 721
863 546
741 66
122 754
319 956
671 427
712 344
345 273
697 228
227 831
384 723
773 327
705 561
119 195
878 20
915 10
888 436
955 797
838 902
436 158
928 254
359 566
342 832
15 218
398 214
471 932
627 665
703 329
798 599
838 672
195 958
61 25
108 20
184 444
995 788
672 465
757 818
994 196
279 164
907 798
650 568
37 370
719 362
496 732
558 812
425 720
966 433
325 55
594 215
769 400
478 623
10 593
223 107
672 558
323 554
451 481
145 610
700 244
765 985
724 242
84 657
858 812
453 292
220 81
791 412
279 616
763 973
917 486
495 206
902 378
831 544
686 285
586 977
510 393
516 804
704 524
500 743
86 616
34 15
767 611
6 105
523 81
262 7
615 431
358 604
608 327
185 250
833 678
371 739
464 79
981 614
12 681
159 554
406 328
237 822
114 3
484 913
67 139
199 382
721 819
254 767
738 755
794 838
924 825
214 89
198 562
420 712
57 786
419 919
63 300
57 635
506 395
895 906
343 89
194 316
912 767
145 224
553 739
558 652
262 76
857 21
400 306
113 261
494 650
903 960
227 269
654 18
748 153
549 984
292 332
536 749
520 210
739 422
57 705
568 318
625 307
495 697
187 760
39 891
467 88
710 244
452 652
477 79
390 590
62 699
690 64
453 230
736 398
193 257
184 440
596 106
465 664
837 128
692 645
93 944
653 302
732 233
604 159
36 304
97 294
888 23
172 432
390 507
475 225
133 555
704 505
788 265
298 765
689 452
600 681
86 628
391 645
173 464
125 835
103 780
399 63
293 536
792 153
811 215
134 312
878 93
935 46
740 70
152 743
119 139
418 399
242 338
170 503
138 617
597 894
143 472
717 963
187 856
886 986
902 607
523 662
857 192
86 274
877 253
577 193
711 122
913 199
52 789
736 878
148 980
580 207
888 921
889 320
689 362
885 72
142 258
715 460
432 575
287 400
363 54
554 981
222 895
443 894
795 453
672 648
452 736
785 573
75 587
866 946
297 469
210 814
857 557
344 920
81 539
23 856
724 187
201 51
609 409
605 200
43 919
791 343
887 782
473 324
582 312
253 238
549 385
398 434
871 794
12 301
253 95
660 385
272 450
715 886
718 187
43 385
116 201
353 553
181 275
148 76
223 648
872 758
245 924
949 798
879 477
21 299
3 848
65 619
161 184
73 916
938 400
955 530
228 112
752 890
329 927
492 445
920 810
939 6
831 60
65 949
837 875
604 618
4 816
377 628
569 750
105 549
787 43
471 530
555 71
955 865
351 40
35 939
844 415
131 476
994 364
61 899
62 164
246 385
787 777
41 495
518 619
763 134
675 872
178 816
35 649
222 57
414 742
334 919
209 946
429 463
623 739
535 349
544 240
424 174
374 694
526 307
473 743
115 514
405 330
776 594
676 203
21 5
936 152
317 92
357 978
162 704
400 560
534 104
367 265
794 397
349 671
704 434
44 179
742 94
729 865
694 285
91 328
901 989
423 265
334 156
228 935
390 82
655 738
144 582
489 405
586 525
551 525
38 672
516 976
702 651
703 726
232 177
879 280
158 89
877 607
806 677
368 945
702 538
295 160
722 332
548 592
676 844
725 588
525 832
582 883
968 931
18 470
823 639
630 859
77 889
134 256
262 725
682 407
893 503
986 11
454 621
635 167
920 693
939 243
942 822
815 556
414 664
527 408
216 402
199 187
919 578
612 208
781 605
514 888
815 258
853 187
527 190
730 310
53 515
809 957
826 773
188 302
316 219
687 964
100 610
572 388
437 789
153 562
335 350
931 639
169 312
460 745
373 56
211 213
658 876
725 217
460 888
706 608
446 831
305 953
966 438
516 481
480 161
44 482
724 140
154 741
954 393
757 452
286 306
549 456
988 184
20 762
202 741
846 266
810 996
923 527
620 979
270 838
823 110
127 685
23 614
825 872
488 793
371 964
633 409
137 668
279 841
836 26
659 423
864 835
811 972
84 649
86 728
517 626
924 532
262 919
66 268
731 63
160 969
547 807
592 995
954 815
708 882
530 526
416 146
309 201
276 902
464 366
629 562
268 822
413 315
569 61
492 276
591 852
575 115
407 477
890 387
543 977
69 814
552 895
381 856
506 624
900 194
445 251
161 684
738 224
735 142
22 169
189 246
136 510
725 420
766 784
892 443
160 484
549 886
273 59
61 60
544 90
302 318
529 266
364 147
809 42
826 904
666 677
903 848
316 110
339 823
620 476
343 775
457 384
645 453
135 635
249 38
981 477
748 440
434 769
810 535
665 590
187 767
597 813
193 575
840 558
254 384
196 721
390 734
687 284
249 768
124 884
804 88
552 497
275 874
292 820
44 341
444 607
528 10
693 832
529 999
845 517
224 49
888 24
451 250
324 83
989 358
612 999
703 520
651 165
506 790
322 84
756 390
557 179
978 136
580 639
875 528
685 783
829 496
219 389
186 710
778 294
754 969
569 383
575 177
218 198
717 224
185 503
644 210
890 564
726 150
160 179
638 610
401 319
402 16
287 880
316 974
613 800
66 165
412 89
360 922
825 304
125 688
265 361
615 39
566 745
255 696
645 246
478 89
226 942
43 556
640 538
182 845
296 192
169 86
710 311
657 185
736 734
168 395
810 489
889 304
815 24
636 587
107 159
479 431
4 439
615 767
796 955
728 993
953 956
992 918
130 125
149 719
261 901
278 45
835 415
45 878
249 947
456 371
802 982
718 623
420 278
990 852
600 330
782 540
969 59
24 646
408 357
701 629
983 974
486 226
289 550
131 635
633 375
907 202
949 576
729 772
100 922
258 644
300 497
565 523
286 36
548 351
381 250
475 125
828 575
445 669
449 602
693 503
677 978
768 978
386 692
612 761
46 624
851 631
229 183
251 835
417 21
419 739
367 793
828 797
812 378
669 287
381 589
831 63
911 247
906 469
284 449
604 538
313 439
173 823
464 709
427 459
529 295
606 341
458 303
424 339
61 898
389 923
446 708
696 223
456 836
77 150
792 690
188 267
981 194
178 817
201 656
686 430
287 486
418 971
844 717
900 335
60 188
829 44
72 530
231 315
678 332
793 534
293 137
988 439
291 193
553 246
899 414
956 213
858 935
133 714
92 275
20 624
679 963
222 634
4 116
373 502
391 251
728 795
361 278
215 39
441 398
991 962
831 697
633 162
449 875
306 608
241 713
239 322
846 350
188 540
414 458
44 988
869 853
871 910
485 95
654 976
592 402
113 608
388 560
858 718
926 48
821 262
841 600
916 110
590 125
313 23
223 636
547 778
180 289
590 236
354 620
280 375
944 910
963 986
712 346
185 446
973 173
63 421
85 349
855 841
589 167
683 88
298 246
445 869
997 392
783 13
566 439
949 309
604 786
496 131
313 572
503 852
62 321
563 476
138 689
855 540
658 56
201 547
843 124
972 344
294 820
832 459
890 177
193 135
213 844
913 142
113 488
23 479
335 345
155 207
909 474
678 281
844 753
829 131
192 72
908 790
585 999
126 449
399 941
625 486
994 181
481 110
490 500
643 80
324 601
59 137
666 2
562 243
288 936
110 663
604 638
186 239
283 583
233 200
861 470
76 690
718 321
48 83
746 118
999 360
270 758
253 6
719 857
581 856
825 750
901 577
755 26
848 328
746 443
456 470
109 361
309 167
665 695
431 756
109 506
163 702
8 381
480 810
262 694
363 627
949 408
255 929
437 692
554 470
350 911
964 691
522 842
464 766
872 139
981 823
765 576
126 982
317 727
735 376
187 830
95 985
388 511
666 82
299 716
378 207
658 397
41 405
278 474
904 21
925 673
652 783
656 856
44 899
960 284
647 852
576 305
219 809
819 211
213 864
195 813
469 470
971 236
970 365
438 655
887 736
579 691
288 520
383 1
41 192
403 809
614 647
575 903
585 899
88 357
785 193
624 119
842 50
499 685
615 811
27 770
233 505
878 831
993 24
884 824
477 460
211 462
174 198
529 853
88 387
969 30
954 426
719 110
296 688
262 421
729 702
200 313
767 976
55 118
90 281
3 459
496 823
279 654
229 303
12 267
215 268
381 100
770 379
623 57
536 558
654 793
396 569
381 213
972 536
594 38
885 549
372 392
293 804
176 354
416 465
971 673
508 323
96 585
872 442
599 953
357 318
659 508
55 939
540 521
81 308
94 562
935 40
313 705
778 357
952 80
189 311
159 273
557 792
118 374
635 88
212 433
692 1
765 981
640 620
477 749
84 305
305 516
431 204
861 519
40 823
386 863
829 489
409 486
551 558
999 953
505 77
143 525
382 901
933 27
40 198
524 552
174 913
651 121
969 335
933 492
457 419
679 760
258 180
313 967
10 821
88 321
948 671
718 765
866 944
244 844
705 502
45 877
134 960
6 600
499 310
392 988
625 358
546 677
853 551
297 312
359 226
804 125
201 128
310 482
434 518
21 230
131 634
236 615
603 602
91 366
698 826
537 120
524 338
945 995
430 661
146 904
319 44
688 75
873 65
603 376
806 703
257 338
594 413
668 692
299 59
542 133
279 993
928 553
220 607
294 498
918 664
958 853
650 106
891 402
986 386
792 247
930 349
768 352
556 775
597 477
190 29
925 470
646 899
530 486
532 360
882 981
421 215
958 6
636 164
104 365
16 495
514 914
713 949
825 339
330 787
247 820
597 319
964 770
770 699
679 297
592 337
496 70
504 593
359 749
820 321
514 692
331 276
389 700
430 424
864 354
127 230
473 971
554 804
349 168
593 970
299 490
395 896
982 580
948 604
218 817
849 973
886 480
763 599
636 735
912 133
568 615
348 791
904 617
49 406
712 594
418 709
699 316
415 398
899 302
817 652
448 980
15 830
509 245
550 629
242 528
900 908
689 215
998 91
688 453
893 879
403 440
681 635
702 943
496 895
813 110
908 262
224 873
498 328
685 948
710 521
966 935
733 936
773 233
6 128
432 821
36 187
660 133
826 237
702 536
719 666
8 612
780 558
985 516
535 195
971 454
169 576
612 508
939 100
998 705
844 223
293 687
556 747
388 117
541 89
321 190
98 767
610 636
613 871
22 577
540 902
448 342
910 48
915 346
994 481
984 183
912 436
450 623
640 963
936 314
98 279
39 963
265 898
583 6
218 866
883 856
481 508
762 103
231 168
468 238
417 852
329 957
723 880
317 991
403 83
474 798
991 515
6 657
106 165
363 407
484 385
402 871
181 388
482 736
288 937
474 560
158 838
348 25
314 921
667 919
119 862
694 332
788 641
805 557
202 626
618 58
525 734
451 145
185 631
811 945
205 482
885 576
742 203
410 662
472 88
992 266
77 168
918 614
775 171
300 329
234 453
592 703
177 293
459 488
635 627
262 917
562 516
11 407
622 367
553 804
988 621
882 168
185 104
683 409
466 643
802 489
309 215
994 577
902 852
639 953
911 46
34 718
143 80
934 325
539 663
78 703
255 561
57 896
352 901
544 382
217 74
532 407
203 43
774 271
625 15
469 356
772 21
166 268
500 432
735 78
669 699
696 263
515 717
682 294
334 973
653 871
16 372
560 92
37 130
773 542
957 465
173 450
552 213
18 561
572 136
240 865
538 264
645 596
6 738
282 74
600 193
895 10
838 333
904 545
616 875
747 3
453 372
241 950
934 717
850 264
978 469
608 328
596 330
314 957
542 637
103 325
314 44
704 508
951 605
23 51
328 960
493 506
812 114
206 993
561 182
873 100
693 401
38 750
702 555
24 104
43 324
993 677
752 962
716 613
293 948
630 999
198 883
859 87
670 5
117 833
617 137
800 425
470 103
848 83
584 685
555 92
494 472
5 435
835 508
428 830
892 251
622 980
588 28
271 272
114 663
702 108
540 863
905 206
555 327
491 323
38 404
494 570
578 185
730 492
880 433
184 392
634 128
562 741
265 585
415 731
307 450
648 520
132 491
79 878
740 532
64 221
227 699
269 898
977 204
981 511
396 11
399 996
671 702
847 282
443 992
448 858
839 902
366 728
738 375
41 989
478 554
12 202
968 272
440 969
535 254
617 527
968 383
241 803
920 450
520 668
850 127
409 835
229 322
12 296
642 147
183 305
532 167
436 252
310 188
314 179
669 507
322 967
301 983
417 186
660 226
474 445
208 680
927 948
87 59
312 319
128 337
864 619
95 749
649 337
613 96
296 694
851 855
377 904
764 12
468 561
103 898
71 671
569 10
802 583
420 700
129 697
378 290
184 215
386 623
62 216
411 960
775 797
234 977
878 350
492 237
221 553
646 416
990 288
155 455
526 250
69 629
17 474
60 535
131 366
443 576
602 837
173 727
31 713
415 558
992 743
153 603
942 725
47 51
876 526
349 167
411 935
465 938
407 971
209 960
787 157
143 27
644 822
3 70
723 855
649 600
135 957
892 818
932 201
681 463
956 215
6 682
61 437
979 174
59 220
560 615
293 439
504 125
638 288
605 41
914 718
386 279
336 598
542 554
944 277
177 442
438 35
225 406
851 326
673 698
766 87
542 964
779 50
543 21
72 398
376 970
717 354
775 70
834 542
141 914
626 988
552 519
669 368
877 749
761 573
453 785
592 867
258 769
613 51
909 670
1000 200
27 971
937 569
556 853
740 138
222 714
428 736
473 886
68 527
414 535
271 170
317 312
778 314
912 888
694 638
294 72
276 707
388 5
730 130
420 950
517 96
80 467
47 241
123 343
19 400
807 667
739 33
99 222
193 133
405 171
655 359
17 87
231 900
511 85
590 43
943 24
183 403
182 698
97 850
101 826
762 100
874 634
196 514
36 939
952 564
899 111
664 142
653 36
946 46
201 125
349 429
975 137
153 194
995 583
860 344
196 288
491 996
609 217
166 828
232 724
504 409
594 758
676 121
760 202
279 612
357 471
767 777
608 910
15 305
924 343
828 626
963 269
525 558
361 163
324 305
516 156
177 596
934 903
638 792
17 836
414 198
417 98
272 811
671 597
332 891
43 232
483 481
726 431
564 574
366 46
186 656
189 591
827 400
142 895
309 214
781 986
100 205
651 727
891 202
428 708
91 43
659 192
53 209
240 504
863 288
749 636
477 534
187 344
422 185
207 701
354 195
852 582
618 800
431 69
179 404
666 910
824 115
937 209
386 889
652 636
818 852
305 623
410 991
623 695
956 970
994 117
151 40
361 912
16 373
344 866
731 798
539 67
761 215
46 177
31 935
162 946
865 369
404 619
405 286
64 455
943 786
50 159
54 767
571 451
761 49
283 559
733 43
625 738
20 597
520 530
408 268
837 29
819 574
127 765
419 140
537 497
742 394
944 477
926 733
966 706
99 817
270 720
972 538
35 654
407 229
667 656
674 396
68 899
585 319
732 442
716 535
453 695
348 435
721 943
6 73
980 824
7 686
574 540
663 821
959 450
769 322
437 500
39 96
422 360
136 158
607 512
851 698
859 199
865 902
203 795
502 821
764 88
782 363
697 401
790 950
169 808
346 433
320 396
790 801
937 275
792 554
551 747
655 441
626 315
557 732
407 192
523 795
49 940
108 457
329 396
718 950
772 10
106 550
378 963
179 142
36 781
771 434
188 580
95 354
334 558
761 258
615 619
325 636
433 303
469 601
491 241
425 643
27 883
690 145
999 153
966 98
179 940
917 614
738 133
529 896
460 899
923 317
118 675
592 177
235 133
534 209
495 959
353 978
63 667
376 45
999 127
841 101
509 239
129 417
555 640
587 976
281 30
50 997
948 958
618 199
496 853
867 806
598 970
361 89
879 763
366 938
662 343
789 217
378 542
997 844
211 699
530 913
716 932
319 259
367 68
500 731
712 67
694 87
147 272
13 810
426 313
357 463
325 1000
821 336
896 9
881 717
627 481
665 764
774 46
854 280
837 966
294 323
901 441
316 655
246 584
462 468
854 395
857 405
148 287
859 291
952 511
806 494
242 227
540 670
243 518
865 802
711 423
713 810
203 705
900 246
189 345
598 599
289 419
316 860
402 515
43 525
389 553
323 888
122 14
147 550
530 25
456 1000
155 228
361 991
583 28
932 569
269 84
342 650
291 996
365 555
24 809
124 325
778 230
210 748
282 225
65 279
286 681
311 366
829 237
577 380
575 985
636 729
408 843
804 445
733 369
805 836
218 942
629 384
40 204
549 335
534 253
19 928
696 461
872 794
271 871
504 126
258 299
22 432
741 568
528 85
793 629
895 291
951 77
200 325
251 433
775 931
524 225
229 357
512 761
72 32
915 740
789 3
811 599
428 157
547 977
345 713
825 727
242 835
150 566
688 105
707 791
747 534
848 367
422 726
99 551
432 902
47 747
630 812
684 140
587 603
949 16
454 726
717 212
798 815
252 509
15 3
65 774
542 272
273 817
311 793
961 460
691 743
658 420
271 331
866 323
4 54
173 681
213 216
341 403
491 266
471 784
97 631
33 187
795 242
317 138
916 882
277 748
101 936
305 723
876 14
152 334
406 435
231 170
487 443
714 192
934 965
369 677
724 25
945 284
420 474
5 864
13 341
71 739
681 699
719 151
309 914
104 172
965 243
235 474
974 835
171 626
832 680
262 335
724 878
889 225
694 322
272 511
516 658
884 116
483 693
564 874
504 376
361 17
694 253
290 15
382 377
721 817
423 297
776 910
413 271
290 126
186 447
502 795
445 706
124 391
310 788
459 490
775 314
321 461
184 915
608 459
759 684
6 396
218 322
768 187
952 456
864 532
66 42
893 407
933 544
949 307
282 754
670 321
892 209
179 358
90 343
933 945
113 222
887 46
981 933
86 267
291 753
204 206
167 994
152 989
796 30
924 75
302 467
142 184
805 472
712 794
57 608
792 749
833 7
669 697
709 636
175 48
857 905
532 759
883 905
437 885
994 114
264 405
658 829
142 474
644 888
222 132
478 274
793 723
960 172
28 628
413 738
430 192
292 161
809 345
206 299
762 347
113 140
258 248
749 943
19 984
872 850
724 787
914 791
55 115
681 591
504 293
492 914
680 488
76 721
516 886
95 83
498 319
225 477
483 721
803 482
422 572
334 216
102 788
785 812
509 782
572 556
612 705
684 54
471 191
191 588
465 232
525 930
450 348
513 954
831 182
137 588
316 442
398 343
829 945
612 295
264 791
229 881
660 925
593 406
152 748
827 482
218 373
825 203
38 168
96 793
61 777
302 525
786 166
806 173
347 15
863 404
354 228
504 713
931 381
723 750
463 939
304 864
360 700
969 530
531 247
650 306
493 640
649 832
79 872
652 496
283 383
857 790
931 571
614 678
201 939
524 672
700 91
594 562
560 750
758 193
525 32
988 780
130 232
277 375
128 969
349 261
371 453
603 558
430 958
715 924
150 665
585 504
289 683
570 268
167 900
521 832
150 440
334 133
106 300
289 772
37 986
64 808
397 790
72 483
781 904
440 263
607 969
495 483
812 487
6 42
524 435
391 740
161 179
803 764
966 856
755 215
133 957
209 207
981 537
584 493
830 278
116 650
229 917
570 819
445 861
764 125
801 237
394 525
616 668
324 718
19 152
517 249
593 259
96 805
833 316
941 841
708 596
255 715
458 299
999 760
817 980
178 858
143 680
633 520
621 215
700 682
847 565
857 961
169 622
202 54
849 945
188 101
692 949
662 837
610 10
828 181
866 992
338 329
266 698
527 613
700 127
724 117
406 806
73 29
227 782
371 288
927 721
926 632
747 205
175 556
517 867
495 835
564 992
466 199
737 192
573 570
225 404
180 920
327 795
37 877
985 875
524 369
564 299
46 533
379 456
140 618
238 381
935 681
93 518
428 301
157 233
381 267
275 354
276 137
9 306
856 875
216 714
358 517
16 710
683 446
149 502
172 64
695 527
418 473
156 325
213 276
751 788
518 415
282 716
1000 488
764 385
380 410
493 917
887 69
545 140
639 740
605 820
930 606
40 980
855 997
999 540
564 15
251 284
217 156
274 301
581 89
498 719
984 186
602 745
35 680
786 400
787 921
917 842
575 542
335 293
724 877
917 955
701 84
153 934
226 180
799 571
856 227
653 465
328 412
145 314
303 248
330 797
259 206
465 549
11 657
897 592
607 431
865 196
39 759
805 326
870 855
830 198
149 884
820 499
707 694
45 963
767 186
497 758
973 815
950 220
356 585
976 818
984 532
141 577
515 401
383 562
147 651
491 661
964 92
90 865
94 937
93 618
776 963
579 319
194 963
780 638
507 264
810 146
54 383
972 726
831 157
726 429
649 286
165 72
355 829
392 305
982 138
252 403
493 87
21 576
777 162
6 284
602 196
312 983
989 995
425 344
743 968
890 396
302 758
820 119
787 102
365 174
38 28
4 900
80 290
913 332
71 161
442 876
958 428
858 629
179 7
736 856
146 196
227 307
86 490
351 839
936 281
57 720
350 463
614 808
597 982
894 312
550 500
991 461
153 898
121 696
196 608
59 312
81 672
478 418
904 597
813 456
905 764
59 169
757 50
775 695
44 451
580 541
267 356
269 718
864 312
754 964
171 960
340 549
235 441
291 507
873 227
978 99
284 784
196 36
515 424
992 512
205 306
333 253
633 463
428 215
30 167
438 408
594 34
249 118
353 624
245 898
29 885
349 996
635 675
349 713
500 624
564 621
945 677
747 721
323 46
632 367
831 177
544 977
119 355
502 617
394 308
949 38
709 468
976 140
216 561
843 764
934 277
113 927
310 531
350 988
756 583
248 898
834 921
636 696
747 908
933 963
165 425
169 814
915 933
821 500
131 486
223 116
817 575
291 803
298 950
330 842
23 317
820 361
622 821
827 671
679 406
847 592
919 359
523 874
1000 621
679 615
386 970
688 954
770 868
442 469
848 688
481 57
852 24
800 435
529 11
550 355
592 990
154 112
412 824
771 227
576 89
102 245
760 506
767 237
788 614
241 855
572 909
249 656
267 17
241 800
202 550
599 533
819 909
768 649
516 875
832 512
963 383
102 934
30 131
693 577
897 68
629 927
65 764
843 687
444 973
716 565
554 278
288 624
650 391
483 426
393 950
959 246
394 345
587 800
306 495
897 358
937 689
59 607
647 310
315 969
341 953
60 526
408 318
869 499
966 364
458 630
259 635
190 1
962 38
26 629
414 585
136 468
499 418
517 248
977 995
66 130
859 451
678 901
77 514
26 564
504 742
265 648
551 455
742 456
570 645
294 781
852 537
445 431
198 169
435 233
37 101
168 414
649 867
66 983
676 396
704 684
684 887
131 113
796 494
192 97
869 873
947 243
567 232
130 427
421 760
153 148
47 195
151 815
492 638
441 401
79 131
318 969
634 726
126 840
16 891
220 507
543 131
559 634
638 1
234 203
508 318
589 451
591 149
902 288
443 461
941 454
10 248
926 426
565 618
712 18
231 554
16 537
695 251
698 77
42 553
811 642
871 845
774 613
878 732
587 895
14 384
15 315
518 227
703 813
906 1
557 348
450 133
295 47
891 434
472 996
215 884
678 628
406 811
924 812
527 369
416 251
750 106
808 813
881 457
754 89
241 106
479 48
541 85
9 124
337 543
212 605
782 289
812 520
599 304
808 587
881 43
442 841
226 992
688 661
673 295
929 447
734 344
936 306
562 729
688 868
853 54
451 938
639 453
740 438
643 296
94 74
854 549
465 890
374 458
300 986
400 235
273 371
516 201
583 563
164 227
747 526
81 699
939 851
265 864
537 760
311 253
386 212
365 574
211 57
323 531
395 142
254 505
291 113
471 394
720 828
793 896
63 546
634 746
67 679
345 777
91 934
698 783
550 996
920 317
793 49
208 511
410 611
1 70
76 574
662 285
833 925
297 979
771 238
33 341
89 644
772 808
100 283
462 678
394 142
826 141
241 347
974 317
581 613
860 444
717 101
169 535
367 860
280 344
47 594
569 470
843 723
788 176
717 246
958 224
778 330
66 40
985 262
752 535
416 93
321 435
104 282
248 330
130 956
631 691
415 973
108 337
439 386
978 875
144 927
715 72
697 822
681 473
463 838
528 565
784 591
692 840
415 739
92 620
577 24
732 700
911 543
883 824
957 493
120 716
672 355
925 847
213 589
114 103
22 173
135 902
887 541
945 318
448 882
970 987
681 260
97 93
116 431
235 299
598 818
214 871
289 540
642 24
296 580
671 903
374 781
267 69
751 437
73 310
771 565
262 184
465 460
447 372
80 213
432 147
456 388
974 127
741 336
334 222
111 438
821 189
362 751
309 484
572 558
276 211
637 633
429 84
85 574
877 960
39 29
704 956
356 231
639 968
431 663
982 79
806 449
55 983
616 51
821 140
768 264
308 497
327 439
609 866
762 628
63 329
873 565
280 828
852 613
28 103
969 775
809 878
459 933
153 722
995 119
479 302
905 323
744 693
943 511
514 685
1 131
382 575
282 793
386 553
866 107
343 801
805 220
936 389
365 725
545 759
840 737
779 412
567 630
235 233
110 903
71 391
74 185
81 643
399 785
880 881
913 661
675 803
936 818
828 352
747 368
15 854
897 953
491 574
427 726
746 56
250 811
324 86
922 399
758 266
589 431
662 453
133 665
580 54
798 133
327 599
239 123
223 518
3 857
171 491
63 169
524 429
447 78
638 855
508 104
381 470
280 353
428 617
694 884
953 62
817 213
337 673
191 218
817 671
450 64
351 810
367 517
389 227
783 55
768 276
564 588
536 880
448 475
167 306
924 239
449 9
749 126
824 43
237 426
353 626
298 318
183 440
160 435
948 148
666 965
575 663
298 449
471 43
126 717
382 603
536 701
166 328
813 899
445 287
448 109
123 685
865 476
187 712
709 707
274 632
652 357
729 430
527 615
476 217
629 397
830 748
213 758
126 137
73 3
534 240
992 594
560 539
872 797
966 367
110 765
148 410
650 612
153 4
279 604
854 780
600 860
638 183
533 809
422 920
390 442
46 680
180 922
328 909
794 694
724 555
51 230
243 171
924 542
444 978
232 184
768 948
842 749
954 931
683 291
461 177
519 269
752 782
308 228
436 977
76 328
981 571
512 56
677 722
750 504
91 781
533 350
494 186
556 849
230 684
651 687
284 396
4 322
108 584
234 799
53 862
751 790
493 2
740 5
647 571
246 730
228 369
998 853
677 564
809 644
459 15
441 520
216 264
532 504
584 277
277 791
78 838
762 799
523 727
829 864
191 557
263 976
566 683
825 483
518 590
445 434
271 43
388 808
951 968
865 399
938 725
501 75
349 832
667 46
960 468
304 520
586 434
623 893
760 385
357 658
10 758
266 604
891 573
452 807
823 464
36 38
827 789
993 13
853 617
305 3
912 117
771 826
511 405
256 426
227 802
193 886
858 820
894 174
477 438
79 358
230 501
546 601
28 928
784 206
362 982
883 264
955 151
719 950
557 55
417 260
880 758
275 674
438 434
811 948
66 49
902 269
850 978
614 59
301 906
430 726
860 159
205 110
902 47
209 132
358 551
695 508
635 999
434 454
623 142
91 873
313 279
9 14
337 745
85 379
161 347
971 374
368 257
925 409
303 293
655 48
313 497
976 351
5 491
584 916
161 677
492 49
165 149
117 684
643 502
91 725
165 102
481 305
43 598
503 576
566 806
625 346
53 657
5 542
605 808
178 66
343 796
179 807
550 490
112 194
442 575
903 734
351 557
502 395
879 815
718 747
75 935
685 418
711 266
376 422
196 753
611 966
927 266
838 211
254 26
311 113
520 534
775 710
597 520
931 92
534 43
862 612
719 997
225 353
962 890
745 378
486 328
861 308
721 641
116 253
337 248
29 706
965 502
924 113
988 953
292 608
951 845
353 630
817 263
766 226
215 104
487 967
471 450
111 43
662 425
521 523
462 643
807 745
87 18
824 468
811 592
447 377
66 363
157 64
593 122
436 834
229 894
93 758
711 558
351 997
164 819
702 732
664 475
869 302
194 118
178 595
623 602
513 714
537 887
517 130
830 91
209 531
249 399
891 968
325 546
531 139
939 865
812 864
706 511
763 242
633 846
768 994
607 45
554 187
496 431
575 707
834 730
765 817
450 318
18 876
240 932
826 951
390 854
123 625
416 607
770 866
623 836
240 819
594 670
645 546
832 215
465 978
301 364
430 112
913 874
336 833
500 252
254 423
524 487
996 892
581 198
16 130
14 909
899 329
600 448
358 464
250 697
770 177
515 377
590 735
576 879
429 379
3 698
43 505
318 525
214 610
250 923
915 573
402 536
111 990
702 663
918 944
812 83
336 284
264 585
90 807
897 203
646 974
974 459
261 356
617 78
484 115
676 625
380 79
332 191
225 841
320 863
377 802
391 553
435 762
436 109
129 515
494 159
8 684
657 705
887 631
240 437
836 763
223 180
208 915
83 865
134 431
913 488
862 75
971 318
610 594
492 609
207 704
872 201
393 368
754 277
369 881
740 320
479 508
706 80
688 747
946 451
35 800
531 167
382 713
277 867
833 83
122 10
145 49
2 474
878 165
763 271
554 814
957 419
874 515
555 130
848 670
633 984
878 78
143 873
511 355
222 978
794 243
5 776
106 843
662 954
685 379
267 745
814 97
560 679
512 805
328 208
116 23
963 502
247 738
139 232
162 331
236 984
955 138
753 269
45 254
764 762
770 317
560 201
651 226
279 829
548 378
785 856
510 485
186 423
629 625
120 415
622 490
750 671
881 540
932 616
919 918
940 147
605 942
877 744
878 195
181 17
994 964
526 671
108 570
678 618
574 683
321 263
983 269
742 664
384 603
131 751
123 12
820 158
127 815
758 994
367 649
887 70
429 682
569 840
673 436
527 17
655 76
549 713
734 719
717 899
442 855
133 338
523 726
643 731
636 821
329 511
761 476
887 356
799 774
670 666
511 80
517 269
434 516
633 666
811 273
778 891
304 698
236 489
632 786
41 237
447 777
952 569
95 45
850 508
300 989
926 953
449 240
624 209
516 489
165 645
867 567
799 346
305 2
920 296
680 210
719 147
300 771
110 539
159 72
988 176
42 838
279 611
671 941
799 120
395 110
699 60
646 741
522 479
25 221
813 76
546 457
819 967
736 39
720 604
992 401
846 44
650 379
470 768
578 969
315 533
889 760
552 723
786 762
345 602
732 322
533 628
8 518
122 684
232 36
122 543
939 559
56 129
863 670
857 71
919 664
834 944
485 560
424 756
795 519
816 538
44 890
929 861
235 562
877 127
308 398
920 520
354 220
428 999
910 103
507 806
715 253
640 960
773 981
626 579
296 236
773 870
478 244
610 818
304 727
691 485
848 568
317 795
688 913
749 760
439 360
991 335
867 373
619 932
489 334
399 910
572 134
934 997
24 916
71 284
98 285
205 31
656 169
412 983
749 538
437 54
975 104
151 378
227 645
286 391
606 844
530 942
559 837
546 523
943 639
379 806
654 710
549 404
280 239
63 576
798 397
397 845
174 427
106 421
822 279
76 717
846 409
107 837
742 30
674 278
751 292
430 15
845 799
595 776
617 960
580 220
893 115
660 212
833 744
138 218
24 157
455 584
442 190
989 802
593 121
178 705
697 43
989 851
403 432
151 534
977 875
852 641
744 10
281 780
748 562
317 935
404 587
948 530
458 416
246 259
213 442
824 17
734 756
421 141
521 87
445 23
809 204
29 472
506 39
804 962
515 625
442 783
636 893
195 865
434 155
623 609
183 564
500 424
820 283
455 704
770 788
924 329
625 470
74 84
922 934
45 725
822 951
236 320
183 843
278 37
541 865
763 561
267 308
966 502
804 21
309 913
880 883
974 925
991 577
98 656
742 329
745 571
136 941
535 99
910 743
783 853
22 425
461 839
651 283
968 159
481 902
253 229
421 773
443 309
546 119
548 240
825 589
453 628
664 973
462 450
154 563
11 102
485 35
570 991
785 883
950 87
784 13
833 859
225 622
417 188
327 593
882 264
824 148
955 444
355 664
564 276
102 647
857 129
881 704
76 294
792 79
722 496
915 588
854 285
690 786
431 708
380 172
200 538
973 129
186 597
7 545
229 913
88 603
554 344
807 62
228 351
526 930
991 178
778 659
527 60
910 428
624 667
640 720
200 839
75 85
631 120
734 355
679 294
919 279
467 332
305 601
838 717
435 234
386 826
135 661
9 513
139 734
212 504
596 863
736 754
53 712
737 687
596 358
210 745
466 383
429 315
752 108
805 254
423 637
701 957
922 954
151 476
46 242
50 209
931 680
734 191
873 332
776 603
724 113
477 500
447 970
619 109
908 373
81 811
3 362
760 325
188 822
651 438
597 606
287 34
804 152
1 349
408 329
999 339
351 239
328 32
6 250
945 951
529 560
401 913
663 549
133 618
261 421
408 103
335 596
85 801
12 601
822 78
595 960
924 666
67 123
935 314
86 530
241 269
133 387
940 291
34 818
399 126
648 106
647 676
133 29
372 796
411 644
543 599
877 777
234 797
19 75
260 423
912 894
985 344
548 910
346 738
630 626
702 95
619 751
1000 379
674 996
1 930
181 724
165 255
835 587
820 445
415 635
108 511
465 83
822 92
973 745
577 128
835 728
140 386
731 923
255 457
383 132
240 926
293 236
693 411
246 777
212 28
784 757
351 971
314 754
486 870
748 77
783 638
885 756
975 230
80 789
196 671
783 751
476 191
802 747
474 904
827 132
991 921
49 193
797 804
927 417
567 862
153 971
841 945
729 213
951 172
721 667
704 407
769 45
590 903
228 844
858 455
146 971
305 768
594 461
157 201
285 436
614 980
377 866
424 840
298 801
321 448
690 843
363 845
694 899
350 597
994 822
533 368
649 403
501 632
416 26
750 5
19 103
739 788
152 516
373 574
800 880
673 486
971 249
41 268
977 552
544 373
229 651
360 566
235 706
342 890
970 435
199 39
769 804
165 147
725 427
216 149
35 763
369 409
843 16
471 819
773 869
558 517
647 844
834 373
283 505
643 265
256 854
296 124
838 94
743 392
856 84
253 668
421 727
629 289
50 6
1 586
992 899
909 203
793 726
101 681
525 55
672 725
644 667
538 130
760 270
481 243
562 60
563 877
306 510
736 375
455 803
205 716
25 414
633 241
67 759
469 899
680 350
23 556
444 711
177 452
626 685
419 102
591 217
777 693
98 862
391 985
476 77
395 282
894 426
841 830
440 641
480 642
543 491
106 324
842 720
555 393
115 430
120 472
67 51
821 326
219 412
21 654
885 847
264 653
229 235
485 369
753 481
807 132
242 102
133 981
760 535
437 657
726 316
85 428
323 507
454 531
562 231
275 124
811 94
388 260
284 502
198 532
659 226
346 811
260 127
388 52
813 934
264 122
742 645
599 260
657 517
587 324
511 676
672 198
191 534
680 561
968 717
255 99
616 355
377 305
65 165
640 531
240 87
994 416
799 729
378 973
736 727
843 141
437 852
173 398
350 544
359 423
385 113
240 821
439 335
260 578
871 328
322 775
571 628
13 984
112 383
610 466
41 949
547 511
213 735
935 892
274 821
684 572
296 773
315 35
816 460
745 570
780 111
528 464
970 845
251 360
542 561
376 162
324 98
634 571
182 160
699 502
461 983
543 169
603 594
8 565
642 874
606 587
664 974
883 194
443 369
889 597
56 638
534 279
242 857
751 480
882 265
721 909
376 733
703 821
707 206
210 394
855 94
287 530
293 593
755 218
494 50
284 308
356 47
47 535
817 668
657 711
103 955
471 695
458 626
260 460
392 92
437 190
481 556
647 609
281 920
866 441
132 21
406 732
133 380
515 620
734 352
222 404
761 454
908 517
269 16
342 541
572 506
4 382
575 737
619 945
229 160
862 87
630 211
904 819
548 528
616 637
653 936
895 149
828 178
477 28
799 677
83 509
66 757
767 431
344 975
563 228
463 462
67 913
984 287
157 293
742 362
11 854
366 622
148 421
332 650
978 404
554 788
158 794
430 991
403 150
953 562
300 548
150 494
353 722
127 189
148 251
8 782
447 393
103 539
417 238
701 126
774 226
794 548
104 870
252 166
933 405
129 835
363 864
471 373
755 182
205 169
99 698
544 541
564 464
450 48
694 855
989 873
976 72
685 624
651 672
393 176
506 267
294 284
61 731
924 863
561 691
691 636
583 698
270 121
990 712
682 153
902 898
227 60
764 269
109 192
881 47
990 859
60 388
174 644
970 106
322 395
152 362
544 572
108 15
387 106
27 19
959 698
175 139
378 398
532 840
537 930
330 96
408 746
61 240
62 571
762 264
184 677
652 260
583 284
268 881
89 616
418 654
533 380
865 223
631 560
491 989
535 206
262 438
923 616
136 870
157 644
250 652
859 534
89 778
898 166
702 992
442 90
685 238
125 481
932 345
3 270
555 654
289 365
646 731
224 926
816 242
24 485
868 558
742 195
580 250
501 559
81 37
986 288
346 131
366 70
519 158
924 622
360 123
87 248
470 224
474 239
609 632
367 571
320 665
172 922
433 926
432 567
208 848
238 239
792 311
830 467
152 662
829 673
294 328
506 414
804 857
311 891
496 216
497 369
372 166
247 133
36 562
610 907
402 196
424 276
23 276
463 989
193 201
321 956
49 77
415 606
363 281
492 67
633 715
139 648
250 125
86 495
645 442
724 357
508 984
53 783
335 437
746 524
374 325
433 149
452 759
477 583
22 161
6 730
978 683
525 54
801 822
359 241
785 474
441 270
383 767
884 944
278 889
482 668
785 428
180 831
141 527
237 364
684 383
275 585
407 155
176 942
414 504
896 407
860 88
989 380
112 784
850 34
281 293
138 486
508 354
366 768
93 728
858 472
716 526
20 117
936 662
497 832
189 650
579 286
707 213
12 753
696 546
594 321
315 928
872 592
871 687
532 127
520 428
510 797
242 103
655 883
859 220
322 190
217 908
844 31
937 395
39 383
262 538
265 262
269 502
34 605
181 666
636 776
543 844
964 791
605 887
680 562
221 590
97 576
518 634
344 39
821 987
996 433
112 3
934 202
943 104
691 451
108 87
736 744
944 805
616 514
468 191
952 516
37 38
442 478
117 80
615 753
27 840
625 421
723 816
316 362
525 90
672 754
861 194
664 642
41 965
975 78
941 170
465 753
175 534
490 68
320 102
278 773
816 348
874 238
107 725
37 738
519 290
645 995
116 173
659 871
513 935
827 429
650 180
495 11
116 220
538 752
837 284
824 661
767 607
203 752
953 352
4 630
629 523
557 286
63 213
855 89
488 121
950 375
898 724
394 469
919 994
475 642
119 243
13 674
937 598
649 426
245 31
485 630
731 354
949 295
697 438
442 975
941 835
925 350
104 342
677 493
471 916
661 708
775 341
167 447
62 339
28 71
912 562
877 214
843 74
288 680
763 147
781 272
53 677
644 24
97 989
369 592
377 445
531 785
770 978
643 320
607 147
79 842
199 391
49 675
596 215
391 463
620 173
287 270
740 790
174 148
837 188
123 892
435 680
516 391
351 738
590 337
112 634
21 144
975 467
816 376
120 85
908 424
197 831
269 610
647 762
922 380
766 95
534 321
915 31
417 237
842 646
422 638
849 162
940 255
688 96
998 269
584 81
642 913
803 973
445 552
48 286
363 867
266 651
787 261
546 730
945 625
879 216
756 533
7 519
904 209
986 30
588 382
679 17
310 732
268 916
105 526
507 167
933 902
701 426
869 756
874 942
319 682
382 665
950 927
938 959
359 699
113 277
739 41
579 560
946 373
196 852
216 42
70 837
657 994
956 830
683 542
922 762
64 238
592 228
688 562
931 616
491 33
843 340
2 300
701 110
891 576
505 509
452 668
271 370
914 505
473 607
377 187
126 350
477 144
454 893
693 960
395 133
982 859
58 329
19 965
131 671
238 932
774 26
236 936
111 716
441 432
906 746
727 534
965 141
738 537
263 168
358 366
824 734
664 775
112 836
702 707
928 652
53 566
33 360
908 292
234 443
218 217
501 947
517 615
935 472
229 245
450 226
802 399
324 518
95 668
398 490
953 582
156 304
524 383
826 488
20 295
290 40
946 339
78 86
359 872
216 458
712 463
952 446
208 862
887 182
579 865
367 42
130 953
113 215
928 22
108 334
678 966
312 827
297 41
61 960
777 279
597 254
490 688
465 86
57 617
11 206
397 79
74 428
93 448
131 80
562 329
834 482
726 700
363 70
971 716
891 620
141 219
75 603
663 58
359 99
72 931
783 717
220 235
75 552
106 142
182 299
576 482
44 328
45 33
391 53
326 522
954 291
383 591
96 7
81 981
442 794
736 87
720 684
538 981
741 714
797 552
641 846
372 616
909 666
306 689
695 137
533 222
651 47
980 721
256 21
185 177
224 665
479 947
778 166
40 83
980 832
695 431
363 13
388 897
266 357
432 581
387 454
180 483
698 408
328 566
845 463
5 152
19 713
907 756
303 487
894 612
454 529
57 201
958 129
852 652
800 815
638 617
473 57
4 983
655 16
380 472
539 507
597 289
319 559
912 727
530 154
697 379
256 895
810 186
60 333
545 831
378 88
882 536
602 683
714 801
944 806
123 629
235 95
345 368
222 875
164 796
64 69
583 342
912 924
496 528
667 155
672 755
585 822
641 612
272 129
376 479
923 418
305 79
475 315
516 563
499 433
524 102
755 480
568 802
970 730
976 659
356 336
618 232
513 332
435 922
646 672
333 155
261 590
813 145
254 871
347 3
422 595
321 194
797 701
963 205
985 901
323 42
513 110
660 235
402 679
82 703
229 188
841 570
772 636
55 528
96 623
461 281
214 179
570 843
79 250
820 791
859 315
934 299
772 658
714 282
332 409
447 614
718 129
51 451
70 557
476 844
147 980
435 879
186 946
460 309
549 528
246 260
91 627
757 670
448 324
985 99
363 339
971 16
387 600
978 812
575 658
537 486
799 814
991 482
188 397
634 173
193 289
970 171
843 171
224 473
776 352
942 961
714 519
231 190
622 565
416 974
771 39
728 968
631 147
292 145
538 329
760 473
488 764
16 83
328 325
864 375
40 345
758 855
875 905
291 40
664 526
292 887
543 254
693 653
106 105
491 529
576 345
327 824
33 722
722 30
499 171
671 235
505 894
171 445
209 2
580 23
413 152
163 593
671 481
262 935
194 873
211 957
285 94
56 890
774 2
208 85
261 213
209 300
798 900
199 393
290 679
705 524
405 726
113 312
215 739
734 913
825 155
934 343
972 30
350 63
411 822
915 390
493 910
829 724
777 105
84 413
925 289
238 930
496 13
763 322
853 79
981 122
435 90
553 259
146 219
934 128
123 739
575 694
644 12
743 528
892 538
737 448
135 454
365 630
94 76
377 88
696 484
770 951
974 655
866 44
11 569
28 505
966 19
513 18
951 741
878 959
644 787
421 646
272 186
753 567
165 641
653 172
842 231
534 145
827 153
331 886
261 851
541 983
733 79
989 229
813 55
967 691
766 489
749 764
625 991
241 738
166 459
873 485
285 367
278 241
906 973
420 24
484 209
587 810
608 229
183 481
427 51
245 856
674 464
159 392
417 121
882 628
775 306
981 617
90 138
556 931
995 389
668 613
941 599
731 399
536 143
693 71
551 105
990 539
63 339
88 645
910 504
896 365
704 887
792 471
549 745
346 628
809 884
574 52
309 875
99 148
726 979
771 304
151 178
924 917
415 745
454 1
934 831
597 991
155 164
283 363
508 986
549 92
678 304
227 534
213 599
913 897
571 621
511 342
666 331
115 966
461 718
391 167
504 79
693 803
452 919
663 283
900 959
427 595
524 67
453 267
402 527
758 526
742 387
651 708
630 750
205 299
171 743
558 273
642 398
444 689
711 993
436 705
534 128
224 811
708 21
750 744
794 538
172 858
194 830
841 541
686 663
599 946
677 772
215 837
668 585
426 108
100 27
946 871
583 606
693 42
108 123
94 875
190 108
856 584
48 517
857 305
252 317
538 36
934 415
864 679
683 157
764 448
602 487
381 843
493 854
887 10
156 938
549 653
915 303
611 476
813 776
715 106
644 38
789 345
207 446
941 19
373 930
563 142
470 752
585 586
987 938
624 928
771 445
130 303
847 718
297 294
692 985
287 391
126 437
397 195
454 508
844 556
45 721
376 344
675 550
128 675
273 462
720 816
634 475
410 225
763 565
111 545
538 229
365 343
98 684
616 945
600 342
374 577
714 594
569 777
130 147
849 508
315 405
804 675
965 179
741 678
202 545
724 942
874 127
361 64
324 92
932 659
880 676
115 113
10 207
873 445
102 857
547 60
661 44
681 806
976 946
525 621
769 411
163 948
717 453
609 708
498 140
389 459
411 527
431 704
806 404
973 189
5 251
688 307
914 690
358 883
91 852
227 180
797 224
319 876
213 489
859 881
694 616
446 635
428 788
549 720
754 270
661 706
333 913
981 101
970 502
809 844
967 463
41 474
196 882
783 320
930 788
615 561
869 769
641 820
179 245
643 322
349 189
131 118
408 657
447 784
573 483
196 528
895 150
970 59
414 830
314 711
633 995
886 511
796 915
960 236
214 967
395 155
529 438
93 90
31 132
201 169
883 389
167 580
25 91
64 767
48 212
893 868
250 742
894 7
441 267
82 495
713 343
698 229
715 769
699 132
81 173
229 509
727 338
926 80
784 390
750 561
290 83
112 937
831 272
134 64
3 138
907 448
833 927
414 208
570 10
347 159
63 203
752 772
402 795
242 90
579 105
318 415
67 157
431 740
234 758
494 188
264 424
630 116
377 946
85 353
217 857
553 983
237 102
939 238
208 884
74 581
765 545
291 732
401 140
844 432
829 324
27 246
892 420
288 282
342 973
182 918
626 376
442 707
276 823
722 935
529 281
433 396
754 532
22 958
819 112
349 76
540 372
994 214
460 798
444 251
156 551
729 355
179 894
244 166
109 513
476 260
295 832
725 532
503 777
128 619
218 907
205 595
921 290
6 652
758 769
145 674
328 354
720 932
282 287
140 849
894 208
89 783
680 358
150 225
462 28
798 770
654 670
200 11
148 299
978 6
483 700
581 955
401 881
932 683
491 653
276 87
498 355
552 30
980 703
413 202
750 717
309 393
610 662
21 261
561 897
811 840
442 234
933 964
176 449
30 508
569 366
350 601
995 388
703 991
744 132
213 335
713 655
953 120
241 190
539 755
389 148
782 405
159 830
475 637
132 202
777 59
961 310
877 908
407 599
956 527
80 282
212 751
963 593
674 516
35 878
471 862
166 168
541 250
916 936
991 404
73 337
948 505
643 269
992 697
151 34
616 138
113 250
486 695
367 226
659 115
153 906
947 304
969 296
291 820
292 91
225 40
652 299
266 634
84 997
178 350
823 306
699 256
663 701
745 578
176 835
362 18
914 959
944 376
871 151
619 454
875 848
604 306
475 334
112 644
332 717
314 64
410 479
837 404
764 624
876 702
879 745
958 760
633 471
251 596
367 448
58 60
422 565
280 110
500 713
375 975
600 695
659 554
56 981
368 871
371 860
427 30
852 970
289 81
332 630
845 124
205 157
831 185
82 616
356 31
74 301
95 754
646 6
117 854
318 87
816 171
708 859
539 994
397 604
679 74
94 574
384 617
459 239
262 654
691 520
798 876
621 824
113 96
152 835
960 551
905 106
464 726
119 629
402 148
77 534
960 598
619 648
105 853
804 975
882 647
122 240
340 175
273 18
721 866
386 851
95 199
761 415
181 338
924 471
763 377
395 515
930 864
805 116
122 466
966 201
677 10
808 183
310 110
634 105
227 565
376 345
636 719
729 347
838 23
985 917
201 82
53 913
37 316
420 436
866 836
685 384
947 445
676 197
969 646
844 787
442 319
561 259
861 912
447 51
638 307
175 531
150 648
862 699
610 304
814 958
395 92
713 41
625 789
862 586
71 281
875 717
270 779
664 978
917 32
561 126
855 372
270 698
566 120
287 649
147 282
534 666
773 434
846 152
594 401
246 932
357 501
33 391
414 772
876 983
436 964
935 482
100 425
229 779
52 276
787 347
405 566
96 720
280 407
786 522
158 408
9 72
284 470
531 975
811 463
207 718
905 134
579 122
673 418
824 50
553 660
200 844
294 938
483 880
706 426
669 711
691 435
50 281
416 659
861 639
218 739
662 624
45 530
118 72
361 965
468 111
624 973
92 595
418 476
19 607
467 177
984 453
508 771
808 147
187 318
259 221
463 37
247 690
72 622
805 842
438 877
649 726
192 263
959 111
858 936
359 165
272 239
326 950
614 421
193 867
214 823
655 404
488 766
913 618
951 470
233 223
806 922
914 852
305 336
297 878
816 202
675 1
609 261
244 360
462 291
229 508
920 199
24 60
833 826
450 864
17 853
641 179
773 406
719 622
68 860
935 390
873 843
569 450
18 456
43 797
114 97
901 387
575 252
578 304
741 196
355 921
159 82
123 149
931 909
308 1
39 435
441 672
635 830
907 911
344 341
416 98
825 266
844 34
22 738
260 51
492 196
761 629
744 869
892 421
277 641
117 322
467 367
731 926
93 505
791 888
938 732
526 800
356 841
496 119
183 744
169 298
905 638
649 124
156 645
348 975
535 85
867 573
141 406
788 951
993 119
961 721
206 247
957 901
724 880
484 509
999 270
659 819
707 527
936 896
846 391
629 829
326 368
263 165
530 956
794 363
654 818
785 830
915 635
474 457
261 277
299 238
85 689
975 279
769 371
916 390
633 545
305 555
200 599
915 383
792 315
251 467
872 105
817 728
747 923
264 358
517 151
422 37
762 600
730 250
376 1000
364 844
735 367
517 56
829 758
226 813
365 423
71 87
308 315
626 266
26 628
65 26
122 221
909 271
322 491
201 714
902 652
27 66
657 207
285 646
342 601
36 796
57 735
518 582
978 943
583 222
36 867
308 968
827 616
701 911
294 559
17 882
943 182
726 546
348 443
767 402
143 830
336 860
23 212
245 420
743 357
709 277
638 389
590 552
491 581
882 268
760 275
814 482
784 3
724 377
508 553
126 200
254 29
588 536
944 377
687 403
526 470
914 781
775 237
899 529
334 4
108 879
249 620
509 34
236 798
58 74
722 85
98 859
24 171
836 221
176 257
608 20
61 250
573 746
116 875
327 238
966 194
584 29
909 744
471 475
489 432
495 465
405 953
531 615
608 370
717 432
683 352
417 329
691 877
217 758
42 267
775 417
134 299
813 562
853 823
875 161
347 484
320 616
963 814
433 783
747 903
660 790
661 571
963 703
160 48
895 696
967 223
735 323
921 899
858 272
428 961
450 649
714 586
60 328
558 699
886 836
430 302
933 189
662 597
992 952
283 472
396 217
998 682
53 766
701 34
630 200
889 450
765 644
359 418
487 233
662 695
810 618
960 19
45 719
338 347
13 433
248 152
608 517
25 291
27 765
249 957
343 543
679 973
847 415
816 449
373 484
232 648
429 82
358 120
931 912
70 332
195 387
500 921
709 43
603 568
585 21
69 939
384 236
611 713
408 226
172 395
979 877
31 448
626 714
880 678
218 131
506 828
289 786
487 915
418 118
37 960
332 976
651 388
124 338
566 121
859 142
882 258
99 564
335 668
263 403
677 853
271 900
536 43
350 647
722 490
427 138
586 211
314 981
8 339
6 322
924 961
748 765
52 132
845 321
965 247
977 841
360 853
161 260
751 875
863 365
973 413
601 790
996 758
454 786
479 98
977 619
32 134
397 434
41 472
208 583
853 25
543 917
692 153
350 509
887 270
776 355
26 334
136 642
657 32
967 263
382 829
662 851
41 779
361 412
615 785
690 168
856 128
503 807
434 874
528 418
766 278
20 518
224 169
666 48
941 138
407 530
121 279
250 629
966 359
514 124
550 614
629 183
860 95
906 754
400 723
413 875
831 572
362 781
128 205
295 371
632 99
232 273
952 845
458 991
220 274
349 946
445 691
764 983
450 363
661 191
828 832
578 623
786 238
471 246
907 339
704 552
543 716
926 220
556 841
460 118
977 804
885 947
542 396
873 987
858 33
15 20
697 101
91 946
241 97
848 23
299 321
962 3
104 295
692 424
346 748
592 12
938 40
995 217
423 928
669 904
627 208
683 884
598 129
194 347
564 762
244 725
174 760
450 608
783 422
155 525
843 251
679 593
766 224
598 355
912 304
622 613
164 133
900 273
313 921
518 976
279 180
27 903
266 757
430 64
602 529
680 955
757 179
942 479
84 963
196 645
912 222
785 352
126 322
201 105
481 233
10 577
489 586
897 735
575 556
790 2
315 110
157 671
944 128
662 200
519 721
59 765
817 49
846 388
295 390
777 643
171 764
742 117
263 164
11 87
51 930
860 224
128 169
167 840
997 905
724 599
676 722
594 455
322 767
81 24
64 874
642 625
882 330
955 506
774 82
539 87
659 494
473 263
555 321
223 471
158 196
527 303
242 207
958 233
707 427
506 296
802 365
216 646
518 369
762 601
501 499
714 708
548 936
290 936
661 663
919 631
62 156
598 50
514 815
536 121
351 230
445 125
106 679
549 871
705 41
999 907
330 62
848 575
170 583
140 307
396 133
325 249
476 379
165 721
495 574
297 489
170 889
727 867
249 928
692 742
72 935
760 276
961 515
681 508
799 295
229 219
953 659
19 997
426 757
832 784
210 92
743 74
620 919
345 963
487 648
822 851
1 8
295 426
73 654
882 396
737 375
367 52
890 899
651 35
802 205
224 669
854 665
780 532
341 570
547 867
604 880
56 484
989 650
920 943
63 13
599 178
820 904
659 266
551 808
106 223
902 146
446 110
963 896
155 364
312 14
811 84
208 943
924 877
74 520
723 1
407 502
962 75
950 936
735 322
170 374
190 845
283 189
514 819
113 320
425 92
423 761
616 361
304 795
212 380
753 944
148 996
754 459
991 394
369 943
435 797
757 841
541 600
1000 998
198 101
596 184
447 846
672 664
835 948
840 746
602 969
261 717
218 990
537 526
707 533
145 430
876 367
763 7
370 728
301 6
150 469
292 863
266 99
832 892
154 792
581 95
162 319
605 73
931 221
205 379
560 854
208 292
488 817
171 765
958 666
394 785
769 111
238 364
190 499
873 51
638 973
34 71
552 536
816 139
375 834
767 696
492 542
788 19
699 968
574 548
167 118
24 192
768 207
436 117
845 495
543 632
431 690
536 202
664 319
151 563
618 586
575 678
471 546
49 727
403 322
665 923
207 712
743 778
304 985
467 631
801 363
307 158
772 444
243 816
65 80
819 208
678 2
328 320
972 547
558 724
366 822
117 285
338 538
253 749
549 896
363 117
347 721
992 611
594 634
666 287
170 942
53 755
54 512
734 166
116 377
408 434
654 615
913 735
400 822
419 18
809 414
817 365
816 494
146 634
505 132
793 946
559 671
931 28
951 65
997 771
500 877
699 153
112 861
123 627
667 679
814 698
138 443
710 635
921 529
205 65
171 433
85 667
858 413
287 623
305 817
78 352
821 440
658 887
242 89
538 602
722 463
9 136
526 615
926 221
753 419
237 210
879 231
347 446
96 766
226 549
958 242
688 466
800 764
786 963
573 136
570 986
610 671
555 2
117 165
450 218
960 115
668 338
781 589
798 565
583 833
929 826
142 57
770 766
18 123
401 129
666 959
496 761
963 519
130 752
520 88
523 863
567 585
952 995
862 170
402 508
499 896
743 413
65 350
763 291
1000 943
436 70
767 363
977 203
625 262
240 996
169 296
334 626
248 495
46 166
637 663
511 190
993 427
991 736
642 508
154 15
852 90
999 213
892 875
980 830
770 213
760 505
188 866
151 366
801 979
67 627
747 21
86 373
948 804
848 99
908 66
512 947
624 439
201 330
755 687
811 641
7 508
528 173
585 44
606 634
404 152
150 396
335 896
196 90
894 433
488 712
660 329
400 591
349 612
614 48
357 41
929 440
492 832
718 114
901 690
608 841
923 938
928 752
360 466
381 292
128 456
681 659
247 351
660 30
418 385
351 301
264 871
998 524
512 29
515 234
916 375
630 695
578 274
794 855
209 413
559 726
747 925
649 485
578 389
815 464
742 656
835 270
21 823
651 282
800 998
221 612
810 195
575 321
902 755
765 947
37 82
813 945
133 463
874 673
486 731
717 641
636 203
210 537
192 52
947 784
244 968
101 833
227 538
800 418
984 447
822 931
141 591
685 409
451 575
912 59
415 408
71 554
348 941
794 51
210 970
525 385
656 48
875 964
842 263
491 959
22 306
859 584
966 684
895 286
570 722
914 779
323 778
58 473
901 867
262 295
45 173
999 300
289 667
586 915
845 902
832 738
444 845
836 223
873 664
716 949
147 402
920 146
25 818
501 993
281 351
771 530
711 882
766 235
695 309
918 540
119 455
488 3
911 461
659 412
552 972
38 619
494 25
168 949
67 201
697 194
807 189
890 725
997 287
946 867
696 774
795 245
695 584
848 65
78 634
264 914
319 884
341 140
700 965
536 798
369 243
612 9
649 1
722 697
263 877
214 389
549 649
695 927
221 584
493 739
994 456
813 772
762 860
869 920
874 882
143 573
252 910
329 447
992 745
978 980
351 874
814 406
394 959
230 617
981 175
770 968
460 722
605 388
472 256
761 328
793 522
852 35
486 95
408 599
705 455
27 767
410 237
712 549
878 544
842 168
827 852
974 997
616 949
417 520
899 892
491 923
628 360
896 117
336 600
690 375
803 172
141 557
399 569
438 598
166 960
785 730
953 392
314 210
498 343
426 520
941 471
45 290
104 738
776 277
293 888
936 401
538 677
694 32
107 902
695 281
259 825
194 798
502 425
656 631
821 419
608 272
828 813
760 715
176 910
767 503
927 587
472 531
509 520
423 856
583 574
66 646
91 936
241 293
830 493
616 25
815 539
427 426
692 470
19 164
57 857
648 788
497 418
8 435
265 292
449 7
892 301
144 563
752 472
588 54
506 644
937 378
41 333
369 872
316 849
49 874
543 814
695 995
450 280
246 1
374 74
269 246
587 71
972 443
334 996
631 918
279 61
66 554
52 617
295 971
474 797
724 411
887 697
334 732
164 242
240 840
451 614
792 292
623 976
257 801
339 198
934 624
851 118
429 436
676 75
879 588
246 738
645 944
390 289
254 170
400 725
120 202
679 964
626 748
864 217
93 745
186 61
813 240
391 798
730 574
712 29
585 273
141 819
825 738
537 214
298 674
997 996
870 370
46 912
487 774
906 474
589 218
238 504
938 466
385 498
635 612
265 132
194 866
727 387
849 70
234 754
346 968
698 293
631 385
623 237
632 695
705 688
43 809
194 439
640 261
449 497
38 236
388 11
100 829
692 89
81 924
715 200
51 267
688 640
339 716
622 777
899 814
882 714
80 592
286 980
607 108
757 927
888 994
451 804
662 642
903 748
957 55
191 922
784 892
892 757
328 392
779 420
795 412
64 386
681 277
405 381
353 932
836 846
802 739
174 429
288 841
163 423
127 894
723 95
796 657
232 706
159 51
276 381
519 723
429 297
98 946
816 233
317 42
67 289
603 659
2 652
77 200
831 419
484 222
588 910
863 850
321 893
261 274
872 319
907 480
983 85
108 881
894 656
567 282
954 845
367 240
43 230
890 847
137 365
285 61
207 480
972 857
989 725
242 122
115 106
12 810
510 891
770 585
869 304
363 611
960 258
313 398
609 333
852 741
725 337
800 904
624 588
240 325
986 625
166 93
908 546
502 153
856 655
371 942
610 898
353 427
669 795
526 188
784 555
571 789
296 213
491 392
730 394
948 453
182 737
735 927
293 136
496 268
995 802
743 384
959 711
88 198
52 545
74 57
728 168
903 720
374 348
106 982
303 720
322 938
895 59
608 747
827 843
597 685
197 223
914 761
714 346
328 17
246 247
104 632
656 479
551 742
309 727
737 296
497 543
498 304
81 856
176 52
842 585
96 379
902 487
999 810
651 37
780 903
251 729
642 596
367 167
479 953
320 990
198 817
659 415
440 487
24 230
65 526
350 305
727 116
381 440
216 573
345 351
317 257
839 380
416 62
473 3
881 398
990 760
682 201
385 885
596 663
902 946
651 180
27 853
753 84
554 399
956 20
578 25
351 312
88 789
960 203
179 510
660 631
133 401
709 946
670 584
217 729
597 806
108 63
291 617
434 881
190 685
653 811
947 545
888 743
499 635
748 470
66 630
984 493
217 450
662 842
221 410
3 91
938 546
942 426
780 257
508 874
775 508
136 967
748 284
931 772
755 584
439 101
847 408
426 836
337 423
979 16
796 682
453 345
936 189
248 117
470 756
487 686
805 517
475 174
442 29
371 113
278 655
139 87
68 55
327 810
702 818
375 574
600 744
784 415
759 980
869 180
281 443
390 247
657 623
169 698
439 606
547 559
543 324
727 171
674 21
125 885
574 554
367 808
159 732
652 905
541 69
561 655
630 623
2 911
467 633
322 268
948 232
952 235
80 486
744 781
66 777
123 344
606 407
610 543
840 296
795 228
411 255
969 569
899 834
487 731
633 644
26 474
283 441
891 716
197 339
678 226
463 274
965 170
234 164
92 734
735 868
921 41
16 58
295 808
732 128
610 353
466 41
163 135
894 185
508 620
145 516
831 680
334 464
335 825
948 184
486 191
435 847
755 834
332 529
480 356
651 143
254 826
497 551
663 572
560 195
980 672
682 698
112 942
793 323
501 984
466 812
787 801
611 841
94 841
505 946
137 368
932 923
640 73
734 889
402 788
400 296
584 310
621 851
425 928
892 733
310 548
95 822
777 177
209 439
561 602
562 547
513 224
289 383
971 327
554 293
265 618
394 722
142 908
324 791
471 960
992 727
68 946
556 618
117 556
725 301
255 658
676 689
991 46
136 500
959 972
48 800
503 448
749 488
40 848
153 663
575 700
322 562
325 881
109 986
37 13
117 511
429 979
411 328
783 464
255 65
735 971
580 776
27 5
145 309
425 709
942 482
2 73
535 81
598 850
541 638
196 279
396 337
276 233
644 575
315 99
244 59
945 232
306 418
399 707
257 46
721 513
91 265
186 111
229 395
275 687
186 478
546 334
414 166
347 65
20 89
130 247
252 194
16 640
825 878
2 275
78 322
940 361
963 24
651 793
859 91
237 803
973 239
811 220
975 865
190 235
295 12
578 680
364 682
100 491
518 485
904 345
137 78
467 723
782 414
909 734
809 604
147 933
981 966
928 190
324 779
995 753
739 876
830 53
692 586
905 194
174 569
748 998
658 506
876 251
977 688
371 506
88 937
959 70
62 509
951 545
414 911
592 408
633 700
830 998
123 622
107 165
572 297
946 134
888 622
745 811
727 911
984 385
16 499
325 119
272 13
44 545
540 446
746 647
379 978
126 381
625 514
590 556
790 178
888 443
762 476
788 710
170 619
617 684
432 48
665 38
279 782
229 431
106 314
750 515
510 472
975 694
712 503
393 820
358 668
111 60
721 920
243 364
261 373
218 352
724 741
548 523
241 371
223 423
149 448
150 891
891 409
890 629
872 152
13 942
405 679
411 726
15 472
69 816
904 373
189 469
433 771
949 459
806 332
293 279
313 425
647 628
86 604
946 579
783 84
968 715
639 825
860 809
863 410
451 336
564 37
378 240
1 993
840 928
394 972
914 135
858 759
455 293
535 978
960 329
347 701
838 366
515 793
147 637
22 891
539 143
980 456
586 366
74 90
610 120
314 557
991 661
154 466
943 854
692 598
586 497
292 100
602 925
116 352
889 32
41 747
85 97
789 429
239 602
542 687
335 183
84 885
253 778
662 4
349 279
940 862
693 690
608 982
555 689
96 58
6 875
215 717
159 155
508 303
950 178
290 315
521 882
280 32
784 400
966 936
113 618
498 420
651 64
817 344
214 488
242 929
3 837
651 977
802 95
767 677
401 606
593 194
258 781
613 15
9 145
925 131
200 516
911 844
989 796
425 481
958 213
741 171
142 774
881 472
60 667
406 907
8 294
941 810
138 937
737 377
584 761
677 516
181 853
847 884
515 754
157 325
545 242
698 190
846 712
759 57
673 278
730 289
456 886
697 664
735 48
296 287
575 667
687 829
869 954
193 137
636 923
897 182
120 562
943 20
857 979
109 902
249 3
819 395
948 557
862 495
738 201
481 80
465 555
87 94
66 714
785 376
329 4
594 520
818 192
178 355
788 920
224 173
560 535
374 935
859 964
757 860
372 140
926 757
215 342
785 555
879 703
20 864
93 886
656 528
225 422
281 372
125 69
971 941
456 206
718 234
962 552
358 725
390 208
407 996
107 868
474 97
42 685
370 14
834 641
637 204
919 792
67 131
622 211
181 919
494 326
634 434
602 135
20 506
481 982
852 707
9 111
822 934
454 995
402 70
369 185
533 689
526 823
88 863
482 107
730 261
997 207
170 732
759 178
173 555
799 779
856 467
435 208
761 346
467 227
782 878
567 748
344 150
568 256
881 207
887 671
766 596
54 384
645 623
27 776
780 458
76 200
196 641
639 191
418 647
166 733
353 954
814 25
598 688
179 610
435 652
415 821
991 899
536 228
686 87
745 505
942 189
46 502
49 50
177 69
125 263
896 533
182 246
612 879
591 646
212 995
931 61
399 627
192 554
44 130
871 847
33 759
50 559
896 307
441 154
44 17
262 88
45 360
854 518
11 216
233 984
567 487
860 147
419 591
760 807
517 185
713 599
256 176
744 379
454 942
446 231
449 641
146 739
474 244
316 727
150 975
962 321
285 172
613 936
834 903
228 394
378 507
30 640
858 1
553 565
175 719
303 297
678 879
706 885
240 327
293 451
847 812
65 108
467 560
873 725
359 582
695 948
386 726
781 511
710 431
692 174
506 121
566 643
382 524
541 479
190 695
265 604
19 557
114 981
2 264
679 710
135 612
581 436
448 208
835 988
107 53
89 546
219 671
900 640
942 511
987 658
823 264
201 9
457 151
349 385
121 354
552 317
358 81
1 41
550 595
310 276
790 34
421 901
957 563
317 724
969 157
930 118
584 38
478 857
210 235
709 195
505 989
604 447
148 213
594 133
667 755
707 958
195 210
181 267
845 788
920 149
629 909
405 851
924 677
159 452
508 234
258 951
133 825
461 156
851 620
391 753
985 546
472 651
772 896
24 232
26 712
18 506
686 828
721 185
133 987
365 98
677 288
630 662
282 694
447 390
692 509
269 412
361 827
324 985
313 424
777 89
530 259
199 108
994 340
761 583
652 818
835 636
48 794
838 589
934 112
867 47
208 592
482 19
869 901
268 698
681 151
312 590
387 28
579 752
545 928
430 418
13 202
362 444
472 404
848 543
744 576
586 367
606 106
511 226
73 988
973 905
170 950
675 559
503 862
452 732
97 27
943 966
491 783
791 937
97 116
338 118
675 269
770 11
827 198
661 173
762 497
410 394
728 641
430 969
884 12
116 182
291 948
447 89
638 23
766 40
147 157
367 487
43 501
816 179
101 183
358 302
909 694
38 680
93 563
24 38
171 329
707 811
428 312
102 803
195 95
33 296
569 718
842 762
772 981
739 666
612 660
194 797
180 344
471 363
219 498
999 892
542 10
265 254
638 723
470 33
290 667
531 692
492 312
609 808
331 609
441 654
351 503
192 516
234 959
532 378
471 574
256 565
298 144
687 734
469 201
311 698
916 520
611 844
782 113
397 429
773 786
776 10
692 558
762 895
620 369
431 242
22 917
387 120
117 281
395 549
126 585
700 296
478 330
316 33
724 422
887 698
836 696
502 348
472 287
951 665
629 495
204 750
80 804
279 284
562 408
123 902
966 446
948 733
788 810
918 445
940 541
27 732
413 699
657 325
715 587
590 613
239 633
944 695
319 783
316 589
837 52
325 352
723 247
607 606
756 132
168 421
499 405
853 954
582 264
529 924
626 664
862 552
334 65
923 676
563 589
917 78
998 171
655 766
988 885
131 679
816 46
980 785
346 181
973 120
372 17
346 36
792 182
26 934
134 357
427 237
377 970
67 130
285 199
604 939
651 194
437 316
316 675
388 208
392 147
549 639
48 629
180 82
436 196
184 21
986 150
787 91
964 684
378 198
252 723
736 988
282 896
100 911
783 316
87 643
78 962
464 946
944 791
763 295
89 340
515 848
700 460
905 608
257 27
197 454
110 985
6 877
922 997
886 466
598 582
488 689
982 993
514 315
793 880
832 922
746 816
909 826
533 638
40 317
573 397
153 66
746 835
618 884
159 60
225 418
235 458
608 800
383 594
996 655
427 764
597 212
289 682
931 60
254 197
332 567
870 51
29 753
410 629
51 937
694 205
452 232
328 982
291 298
802 546
917 98
184 298
885 606
79 395
651 58
671 300
772 798
447 961
498 493
816 970
907 485
109 858
676 558
556 4
320 868
285 58
74 831
54 505
683 395
702 437
613 70
971 844
558 737
33 50
587 631
806 471
365 125
332 74
578 366
775 456
617 300
633 442
949 501
697 388
811 508
227 245
445 150
122 773
731 677
200 827
477 613
369 164
133 297
118 377
304 997
658 504
237 357
882 666
631 53
833 102
688 687
356 565
654 116
967 23
735 11
445 489
946 270
892 566
345 569
363 160
476 449
575 547
743 445
35 450
142 426
678 296
274 546
657 174
101 845
126 272
753 634
240 659
279 324
942 508
304 432
196 742
69 112
502 853
509 361
992 781
790 176
887 896
376 34
451 432
150 645
474 627
499 476
859 588
225 730
187 203
119 780
564 943
586 322
859 765
976 575
764 809
278 593
125 12
915 556
698 164
402 739
704 637
724 624
357 73
953 338
989 532
831 337
855 79
142 526
181 44
486 878
4 555
501 783
545 281
588 404
29 25
674 238
267 652
380 243
455 227
838 928
507 240
35 425
720 15
282 550
686 1000
360 910
380 465
441 595
947 325
193 50
473 802
900 33
963 968
150 106
308 660
923 113
710 283
657 173
144 888
921 592
683 593
652 480
448 142
430 18
896 914
2 237
832 36
154 464
176 568
205 607
990 341
560 670
580 721
960 834
683 235
487 453
759 370
550 749
718 579
311 59
887 868
913 647
491 927
612 849
408 377
814 961
396 746
608 1000
1 254
55 423
573 550
544 678
448 761
812 177
867 934
581 892
547 36
875 595
508 152
882 429
385 377
24 39
522 362
685 974
522 253
725 978
893 156
593 192
817 568
780 644
530 563
180 456
137 190
312 64
350 536
255 901
558 49
934 384
721 309
26 869
227 188
356 280
986 179
751 881
809 666
100 773
573 281
265 296
194 402
397 347
345 90
806 249
777 453
429 714
470 721
817 964
969 941
273 102
27 542
758 369
192 850
781 262
457 274
165 33
666 582
616 473
536 953
100 819
839 161
252 797
71 315
593 831
226 160
317 855
199 98
325 188
400 13
399 970
866 867
444 461
374 522
785 271
119 982
463 320
709 120
177 95
289 613
736 202
242 575
528 232
456 97
555 671
202 589
332 524
421 813
139 116
470 902
107 568
769 221
951 205
845 842
883 171
988 886
647 222
901 601
849 152
336 501
834 620
342 319
34 100
896 119
586 991
664 211
497 774
24 178
798 98
142 710
642 534
596 901
360 153
734 783
452 218
495 57
320 551
262 702
801 40
215 762
75 271
20 388
811 403
954 4
852 717
941 780
212 620
521 318
860 892
786 429
758 444
13 990
834 242
728 369
179 162
587 406
717 519
739 83
867 102
958 307
227 263
891 892
939 585
177 677
95 260
316 87
745 931
579 715
856 68
767 278
643 166
257 615
277 620
919 45
905 615
193 437
875 177
512 267
560 727
340 307
487 444
477 230
631 517
571 294
111 609
292 781
790 4
131 649
582 218
369 336
586 233
549 483
719 23
417 19
214 709
471 32
253 161
860 79
802 35
870 590
137 550
118 995
822 439
272 639
241 618
537 5
629 951
388 625
798 188
871 990
655 733
676 728
359 463
725 793
495 720
876 903
973 27
811 832
884 394
902 25
726 445
447 152
363 825
474 242
275 511
630 793
740 201
320 660
262 779
108 531
401 437
356 28
919 540
904 299
902 970
506 421
82 582
644 277
369 859
170 412
227 69
759 227
734 295
826 818
613 618
825 22
857 920
472 442
166 386
577 489
890 938
670 882
749 747
986 687
952 627
457 443
754 643
774 936
164 785
835 990
72 606
605 300
515 988
199 607
239 722
404 517
741 828
840 579
861 243
419 64
63 657
559 380
49 451
36 75
72 828
400 883
239 432
115 894
810 802
832 790
139 222
414 340
456 42
84 562
751 769
381 112
20 794
846 490
228 901
360 277
379 531
859 877
38 642
510 479
650 256
355 538
837 702
90 853
647 429
427 22
263 420
211 911
877 976
864 995
367 567
462 572
925 188
711 655
142 702
777 893
124 154
270 226
494 480
377 626
673 45
336 628
839 376
753 255
332 510
703 217
964 651
166 125
670 423
784 72
397 391
680 573
401 76
978 408
196 384
522 636
435 157
719 9
783 327
923 112
639 386
967 395
542 626
209 590
576 139
939 891
482 994
951 292
912 753
311 133
406 251
211 17
374 559
432 497
968 259
927 27
239 468
18 320
707 638
780 242
944 487
336 748
797 913
543 157
672 858
489 2
182 70
582 425
718 141
868 538
589 416
807 489
975 663
266 152
210 495
546 373
752 898
194 331
60 961
423 113
321 491
746 348
531 648
91 129
854 948
574 247
881 983
264 853
707 75
423 263
195 383
509 515
561 98
363 670
234 810
420 687
541 65
65 776
128 872
998 856
394 570
53 359
407 272
834 124
817 874
435 412
186 508
165 206
452 277
649 177
706 418
303 244
980 823
86 320
786 10
398 892
311 540
193 142
415 740
307 386
292 342
24 862
718 798
445 272
28 376
135 254
771 384
383 176
849 928
296 32
350 375
671 635
1000 968
215 123
953 898
740 906
486 966
816 372
168 137
408 440
619 88
62 607
529 880
201 199
645 810
741 965
135 844
529 769
141 507
879 587
241 867
22 326
171 632
559 184
337 997
487 718
825 523
187 242
802 813
340 988
203 525
349 538
245 985
529 700
971 831
882 462
16 738
962 598
485 219
413 110
723 924
551 904
634 751
719 630
703 861
890 820
962 457
410 928
380 86
328 745
57 45
755 130
996 184
138 790
333 349
54 386
280 507
602 130
553 990
327 479
990 549
128 716
246 725
369 681
450 806
787 93
476 810
60 553
367 671
890 488
506 497
212 895
39 649
812 911
579 940
345 431
571 780
363 94
751 618
75 253
701 129
153 667
456 231
486 561
996 624
179 171
382 614
659 312
293 159
829 61
922 705
553 861
636 553
106 620
343 777
752 54
575 926
892 754
110 991
697 772
771 13
544 640
500 139
67 1000
983 718
469 656
932 24
202 317
225 116
26 79
300 866
118 761
871 21
653 162
340 675
892 976
608 691
154 811
407 591
357 992
949 748
788 558
612 874
442 110
480 405
283 882
909 538
72 255
509 22
702 895
868 579
462 404
86 512
177 292
950 632
270 715
932 732
572 683
251 103
652 969
371 986
475 536
487 536
769 425
538 742
190 397
372 560
376 563
855 421
587 779
343 241
207 405
854 743
94 696
369 495
761 989
307 913
351 440
243 547
209 407
801 203
859 381
751 827
242 345
995 365
851 913
265 278
627 630
791 577
133 279
523 659
763 118
817 946
35 793
911 984
972 282
5 365
578 161
66 845
620 292
716 58
127 372
446 512
340 3
341 310
814 495
541 589
873 526
630 23
944 900
666 844
886 33
644 761
773 936
296 903
761 85
689 976
132 32
671 704
766 710
776 512
208 959
699 392
438 220
22 415
282 376
301 172
672 960
33 950
291 2
144 361
491 748
42 812
577 965
210 230
580 377
860 60
979 710
798 606
803 404
16 962
347 48
42 590
651 88
181 185
608 155
374 448
258 946
449 841
543 367
600 815
656 513
975 285
973 62
926 140
513 825
933 656
156 367
433 950
458 579
590 424
205 14
354 400
924 868
482 201
234 838
734 599
184 207
518 340
887 721
673 413
341 7
570 527
791 613
494 607
691 305
123 435
191 34
400 502
511 824
956 667
904 38
672 66
964 938
679 385
682 359
222 52
79 725
463 810
778 850
302 364
784 667
17 12
255 436
960 508
9 608
827 908
700 502
444 180
658 926
823 504
292 96
418 237
346 704
36 109
315 62
418 829
426 720
443 210
651 265
874 210
729 749
574 573
197 847
228 331
787 142
862 563
77 425
6 879
922 364
245 595
4 595
162 425
188 757
64 907
253 473
733 943
845 821
573 774
794 725
671 137
336 410
134 237
119 417
983 24
470 181
107 781
953 221
310 930
539 916
186 756
261 230
121 921
584 287
142 667
750 492
403 109
618 546
354 436
27 454
734 563
751 883
321 399
421 194
874 958
469 214
930 584
473 147
790 720
702 60
429 712
236 214
772 74
174 740
545 976
729 115
568 431
808 382
240 96
631 876
144 870
862 64
791 988
387 394
605 356
502 339
623 873
202 439
611 849
848 653
98 356
226 273
357 745
586 17
255 142
278 979
139 315
582 109
857 610
782 479
272 216
989 101
922 174
816 485
671 809
598 795
488 630
415 239
349 375
633 180
462 14
409 898
29 633
508 472
257 118
50 841
115 166
426 583
312 37
10 262
764 521
822 425
842 571
182 8
590 949
521 658
629 977
921 231
297 998
146 651
443 630
326 922
788 472
511 512
464 288
265 778
87 122
73 984
494 104
167 898
940 130
199 237
377 862
734 866
845 59
459 320
285 196
789 371
695 537
664 499
560 260
119 171
104 128
87 457
578 406
338 949
910 491
252 383
139 601
302 603
877 29
333 939
248 681
952 891
971 41
847 618
994 394
117 329
208 539
942 666
268 381
485 961
87 781
678 761
813 983
351 936
45 621
209 903
944 308
658 196
951 585
369 761
649 543
585 921
951 766
647 922
386 50
704 57
979 241
772 439
215 359
744 801
770 816
933 288
139 991
774 748
226 420
150 477
832 740
426 793
621 101
724 778
926 586
105 496
254 121
326 538
495 215
319 423
185 133
271 512
127 630
680 511
366 902
996 537
263 156
211 663
953 458
628 76
612 585
777 532
723 304
357 210
67 436
364 47
609 681
718 117
837 617
986 309
847 29
212 829
492 605
95 640
904 350
593 933
399 504
255 607
652 955
181 649
592 224
576 708
136 6
890 269
748 995
532 710
640 517
826 816
759 146
316 117
64 198
743 446
506 254
502 360
607 223
169 269
1000 769
453 77
225 38
727 891
654 439
468 398
770 176
754 867
614 395
872 822
300 839
329 290
145 566
275 899
978 446
706 881
448 609
1 151
664 593
976 675
221 676
426 652
334 13
372 192
745 362
194 736
978 593
417 327
664 960
827 412
828 691
668 920
7 110
221 431
690 684
584 183
860 220
21 446
918 932
45 328
16 594
254 966
628 215
208 234
724 738
463 150
332 147
385 572
738 898
78 419
485 355
78 466
559 38
911 232
937 613
845 340
897 560
217 927
720 2
481 530
248 771
941 850
446 368
494 604
639 686
654 499
717 636
759 193
84 335
654 87
142 363
955 631
559 222
726 869
677 175
199 799
607 162
165 923
701 57
973 820
926 849
528 288
411 420
399 81
936 5
222 998
353 117
210 790
999 26
916 970
499 510
699 294
865 302
75 704
261 783
79 8
763 735
157 686
448 990
712 699
340 740
480 495
387 621
9 15
193 782
750 966
36 332
534 455
237 118
604 415
932 646
606 565
366 958
37 870
665 5
315 652
978 196
594 500
208 327
84 868
176 165
397 771
548 453
660 255
972 697
314 319
402 38
449 732
836 472
910 579
640 99
974 800
350 652
884 460
544 527
447 206
382 65
259 988
426 55
815 691
854 415
692 302
85 237
235 602
643 755
41 293
322 262
62 146
446 140
803 813
797 138
592 168
39 743
385 964
740 368
601 142
730 298
179 32
364 28
950 831
277 883
204 949
886 185
942 930
83 572
246 24
448 463
285 724
628 864
790 563
645 340
687 937
505 3
69 386
714 841
573 18
576 890
26 343
601 473
162 919
953 896
903 534
351 597
942 456
121 60
226 974
415 456
927 59
352 504
887 980
121 173
528 411
858 958
415 89
426 802
997 553
465 712
690 387
965 11
873 356
301 243
612 967
900 777
480 378
962 690
98 219
690 741
504 368
250 860
171 280
686 393
737 272
552 621
93 531
941 325
745 92
765 199
604 129
609 256
261 328
229 196
11 401
453 780
206 716
337 867
46 885
678 92
233 658
180 431
588 284
915 180
951 214
590 374
373 793
838 860
821 162
324 910
271 129
610 663
826 584
652 912
143 718
595 888
539 526
274 363
173 772
853 226
817 916
621 390
904 16
833 158
545 770
932 516
630 367
260 859
597 94
820 307
486 646
456 629
903 741
64 106
21 815
840 731
287 320
788 859
754 749
496 709
210 847
608 710
738 345
832 926
960 195
11 787
857 637
35 561
476 61
477 276
676 918
415 194
422 858
594 779
442 108
888 20
339 476
112 738
646 725
8 841
832 555
50 552
436 753
935 745
79 407
169 926
840 117
694 112
972 626
132 524
801 544
315 549
778 183
581 706
334 576
972 705
100 388
601 665
215 949
825 993
788 211
901 348
540 524
869 424
401 426
820 945
369 126
890 552
76 324
199 246
511 544
222 816
705 661
833 344
544 277
708 520
565 129
472 240
768 429
38 3
479 407
417 815
910 119
424 258
978 857
523 738
692 171
985 167
948 349
196 683
917 618
178 224
765 828
539 830
937 85
4 292
10 953
588 682
793 566
62 705
821 9
804 402
73 232
92 668
718 760
967 584
649 651
432 377
543 266
418 676
880 839
6 615
244 246
103 141
782 536
605 203
97 476
187 479
575 650
120 43
83 161
836 801
893 688
505 631
958 146
914 771
50 848
701 585
560 931
524 198
780 856
374 787
267 119
234 238
73 292
880 692
699 104
758 693
870 467
963 335
893 914
489 436
682 749
420 728
721 769
673 998
690 572
379 389
324 258
660 228
642 955
238 456
111 58
889 676
811 749
380 41
987 115
368 993
993 710
958 848
446 132
428 631
985 598
551 803
424 930
702 341
766 211
678 822
502 751
603 176
864 708
341 186
243 513
27 508
134 432
615 453
195 674
324 966
473 4
351 47
484 652
584 594
146 117
420 916
791 615
204 771
665 823
147 961
796 479
929 762
770 702
695 919
648 94
600 456
265 530
31 707
911 687
718 907
458 5
387 3
611 347
92 578
438 626
535 320
286 678
731 833
12 363
980 375
973 900
45 709
562 497
174 27
838 2
866 859
637 924
20 628
457 182
844 774
331 861
617 592
27 273
482 707
67 563
921 925
948 162
675 304
785 432
419 206
244 121
872 930
300 187
887 785
145 930
650 705
621 73
779 431
393 632
37 851
909 524
586 959
608 91
292 550
802 887
425 107
626 595
113 620
58 231
262 37
319 220
551 993
349 981
121 546
971 568
659 448
435 965
691 428
691 851
17 896
489 579
818 655
901 404
629 991
601 578
13 724
626 23
180 234
131 422
683 245
777 120
373 711
446 365
873 519
530 352
658 429
866 328
527 189
910 47
130 741
791 760
424 474
8 153
118 212
322 553
199 877
31 564
144 856
809 90
204 660
4 339
562 258
898 479
784 776
141 133
308 906
496 730
923 634
301 447
411 387
486 965
608 571
515 25
990 309
477 158
461 569
391 338
488 745
909 785
73 571
877 582
528 43
400 702
555 770
721 542
970 206
448 682
33 636
24 361
336 715
944 394
103 443
965 300
744 586
827 455
612 599
115 89
245 934
671 222
855 301
396 1000
458 965
947 239
116 949
500 532
363 960
767 758
994 866
480 968
66 305
